>> train
   38.0000   38.0000
   12.0000   12.0000

The above two columns you get should be very similar.
(Left-Your Numerical Gradient, Right-Analytical Gradient)

   2.1452e-12

Norm of the difference between numerical and analytical gradient (should be < 1e-9)

    0.6857    0.6857
    0.8032    0.8032
    0.9510    0.9510
    0.8896    0.8896
    0.4305    0.4305
    0.6036    0.6036
    0.6781    0.6781
    0.6196    0.6196
    0.3421    0.3421
    0.8789    0.8789
    0.8553    0.8553
    0.8291    0.8291
    0.5023    0.5023
    0.5667    0.5667
    0.6681    0.6681
    0.8417    0.8417
    0.5430    0.5430
    0.6865    0.6865
    0.9085    0.9085
    0.8008    0.8008
    0.7497    0.7497
    0.8306    0.8306
    0.5646    0.5646
    0.9402    0.9402
    1.0563    1.0563
    0.6878    0.6878
    0.8049    0.8049
    0.9548    0.9548
    0.8908    0.8908
    0.4318    0.4318
    0.6055    0.6055
    0.6799    0.6799
    0.6214    0.6214
    0.3428    0.3428
    0.8812    0.8812
    0.8564    0.8564
    0.8313    0.8313
    0.5040    0.5040
    0.5684    0.5684
    0.6698    0.6698
    0.8443    0.8443
    0.5454    0.5454
    0.6877    0.6877
    0.9100    0.9100
    0.8023    0.8023
    0.7515    0.7515
    0.8327    0.8327
    0.5661    0.5661
    0.9425    0.9425
    1.0586    1.0586
    0.6869    0.6869
    0.8034    0.8034
    0.9528    0.9528
    0.8888    0.8888
    0.4312    0.4312
    0.6042    0.6042
    0.6789    0.6789
    0.6200    0.6200
    0.3431    0.3431
    0.8805    0.8805
    0.8554    0.8554
    0.8295    0.8295
    0.5034    0.5034
    0.5668    0.5668
    0.6685    0.6685
    0.8430    0.8430
    0.5445    0.5445
    0.6865    0.6865
    0.9084    0.9084
    0.8012    0.8012
    0.7499    0.7499
    0.8305    0.8305
    0.5648    0.5648
    0.9408    0.9408
    1.0549    1.0549
    0.6836    0.6836
    0.7997    0.7997
    0.9457    0.9457
    0.8858    0.8858
    0.4285    0.4285
    0.6011    0.6011
    0.6757    0.6757
    0.6165    0.6165
    0.3435    0.3435
    0.8769    0.8769
    0.8534    0.8534
    0.8254    0.8254
    0.5013    0.5013
    0.5625    0.5625
    0.6659    0.6659
    0.8388    0.8388
    0.5407    0.5407
    0.6837    0.6837
    0.9053    0.9053
    0.7982    0.7982
    0.7461    0.7461
    0.8254    0.8254
    0.5612    0.5612
    0.9351    0.9351
    1.0484    1.0484
    0.6825    0.6825
    0.7986    0.7986
    0.9423    0.9423
    0.8852    0.8852
    0.4275    0.4275
    0.6001    0.6001
    0.6750    0.6750
    0.6154    0.6154
    0.3427    0.3427
    0.8761    0.8761
    0.8531    0.8531
    0.8246    0.8246
    0.5013    0.5013
    0.5607    0.5607
    0.6655    0.6655
    0.8373    0.8373
    0.5399    0.5399
    0.6831    0.6831
    0.9070    0.9070
    0.7977    0.7977
    0.7452    0.7452
    0.8233    0.8233
    0.5593    0.5593
    0.9308    0.9308
    1.0463    1.0463
    0.6848    0.6848
    0.8018    0.8018
    0.9461    0.9461
    0.8874    0.8874
    0.4304    0.4304
    0.6028    0.6028
    0.6783    0.6783
    0.6184    0.6184
    0.3415    0.3415
    0.8800    0.8800
    0.8564    0.8564
    0.8284    0.8284
    0.5032    0.5032
    0.5638    0.5638
    0.6677    0.6677
    0.8408    0.8408
    0.5428    0.5428
    0.6862    0.6862
    0.9140    0.9140
    0.8008    0.8008
    0.7485    0.7485
    0.8266    0.8266
    0.5616    0.5616
    0.9333    0.9333
    1.0497    1.0497
    0.6865    0.6865
    0.8048    0.8048
    0.9498    0.9498
    0.8876    0.8876
    0.4327    0.4327
    0.6047    0.6047
    0.6802    0.6802
    0.6205    0.6205
    0.3404    0.3404
    0.8814    0.8814
    0.8589    0.8589
    0.8311    0.8311
    0.5033    0.5033
    0.5672    0.5672
    0.6689    0.6689
    0.8439    0.8439
    0.5449    0.5449
    0.6884    0.6884
    0.9168    0.9168
    0.8030    0.8030
    0.7510    0.7510
    0.8295    0.8295
    0.5638    0.5638
    0.9373    0.9373
    1.0511    1.0511
    0.6869    0.6869
    0.8053    0.8053
    0.9508    0.9508
    0.8873    0.8873
    0.4326    0.4326
    0.6051    0.6051
    0.6797    0.6797
    0.6206    0.6206
    0.3405    0.3405
    0.8807    0.8807
    0.8590    0.8590
    0.8313    0.8313
    0.5026    0.5026
    0.5683    0.5683
    0.6692    0.6692
    0.8442    0.8442
    0.5453    0.5453
    0.6887    0.6887
    0.9147    0.9147
    0.8034    0.8034
    0.7512    0.7512
    0.8303    0.8303
    0.5640    0.5640
    0.9390    0.9390
    1.0524    1.0524
    0.6866    0.6866
    0.8035    0.8035
    0.9513    0.9513
    0.8899    0.8899
    0.4308    0.4308
    0.6037    0.6037
    0.6788    0.6788
    0.6205    0.6205
    0.3417    0.3417
    0.8793    0.8793
    0.8552    0.8552
    0.8294    0.8294
    0.5015    0.5015
    0.5674    0.5674
    0.6684    0.6684
    0.8412    0.8412
    0.5426    0.5426
    0.6872    0.6872
    0.9099    0.9099
    0.8009    0.8009
    0.7504    0.7504
    0.8307    0.8307
    0.5655    0.5655
    0.9428    0.9428
    1.0527    1.0527
    0.6889    0.6889
    0.8051    0.8051
    0.9549    0.9549
    0.8899    0.8899
    0.4337    0.4337
    0.6053    0.6053
    0.6804    0.6804
    0.6218    0.6218
    0.3421    0.3421
    0.8823    0.8823
    0.8561    0.8561
    0.8321    0.8321
    0.5033    0.5033
    0.5696    0.5696
    0.6700    0.6700
    0.8434    0.8434
    0.5448    0.5448
    0.6885    0.6885
    0.9117    0.9117
    0.8026    0.8026
    0.7523    0.7523
    0.8331    0.8331
    0.5672    0.5672
    0.9442    0.9442
    1.0549    1.0549
    0.6874    0.6874
    0.8031    0.8031
    0.9524    0.9524
    0.8869    0.8869
    0.4333    0.4333
    0.6034    0.6034
    0.6790    0.6790
    0.6195    0.6195
    0.3428    0.3428
    0.8820    0.8820
    0.8554    0.8554
    0.8302    0.8302
    0.5031    0.5031
    0.5674    0.5674
    0.6685    0.6685
    0.8419    0.8419
    0.5436    0.5436
    0.6868    0.6868
    0.9091    0.9091
    0.8015    0.8015
    0.7502    0.7502
    0.8307    0.8307
    0.5653    0.5653
    0.9400    0.9400
    1.0519    1.0519
    0.6836    0.6836
    0.7993    0.7993
    0.9461    0.9461
    0.8842    0.8842
    0.4296    0.4296
    0.5999    0.5999
    0.6760    0.6760
    0.6159    0.6159
    0.3434    0.3434
    0.8781    0.8781
    0.8537    0.8537
    0.8258    0.8258
    0.5014    0.5014
    0.5626    0.5626
    0.6659    0.6659
    0.8378    0.8378
    0.5404    0.5404
    0.6835    0.6835
    0.9050    0.9050
    0.7986    0.7986
    0.7461    0.7461
    0.8253    0.8253
    0.5616    0.5616
    0.9338    0.9338
    1.0460    1.0460
    0.6817    0.6817
    0.7973    0.7973
    0.9428    0.9428
    0.8832    0.8832
    0.4279    0.4279
    0.5989    0.5989
    0.6747    0.6747
    0.6148    0.6148
    0.3416    0.3416
    0.8753    0.8753
    0.8521    0.8521
    0.8240    0.8240
    0.5003    0.5003
    0.5601    0.5601
    0.6648    0.6648
    0.8359    0.8359
    0.5397    0.5397
    0.6822    0.6822
    0.9058    0.9058
    0.7971    0.7971
    0.7444    0.7444
    0.8221    0.8221
    0.5597    0.5597
    0.9299    0.9299
    1.0428    1.0428
    0.6825    0.6825
    0.7985    0.7985
    0.9440    0.9440
    0.8839    0.8839
    0.4290    0.4290
    0.6012    0.6012
    0.6762    0.6762
    0.6170    0.6170
    0.3390    0.3390
    0.8758    0.8758
    0.8530    0.8530
    0.8257    0.8257
    0.5006    0.5006
    0.5613    0.5613
    0.6651    0.6651
    0.8378    0.8378
    0.5413    0.5413
    0.6837    0.6837
    0.9099    0.9099
    0.7978    0.7978
    0.7458    0.7458
    0.8231    0.8231
    0.5606    0.5606
    0.9312    0.9312
    1.0430    1.0430
    0.6844    0.6844
    0.8021    0.8021
    0.9473    0.9473
    0.8857    0.8857
    0.4301    0.4301
    0.6043    0.6043
    0.6783    0.6783
    0.6200    0.6200
    0.3380    0.3380
    0.8782    0.8782
    0.8571    0.8571
    0.8289    0.8289
    0.5021    0.5021
    0.5647    0.5647
    0.6670    0.6670
    0.8419    0.8419
    0.5439    0.5439
    0.6865    0.6865
    0.9127    0.9127
    0.8006    0.8006
    0.7487    0.7487
    0.8267    0.8267
    0.5628    0.5628
    0.9365    0.9365
    1.0456    1.0456
    0.6861    0.6861
    0.8043    0.8043
    0.9495    0.9495
    0.8871    0.8871
    0.4304    0.4304
    0.6052    0.6052
    0.6790    0.6790
    0.6212    0.6212
    0.3393    0.3393
    0.8804    0.8804
    0.8593    0.8593
    0.8304    0.8304
    0.5027    0.5027
    0.5672    0.5672
    0.6687    0.6687
    0.8439    0.8439
    0.5452    0.5452
    0.6881    0.6881
    0.9128    0.9128
    0.8027    0.8027
    0.7505    0.7505
    0.8292    0.8292
    0.5639    0.5639
    0.9399    0.9399
    1.0502    1.0502
    0.6886    0.6886
    0.8061    0.8061
    0.9536    0.9536
    0.8924    0.8924
    0.4323    0.4323
    0.6053    0.6053
    0.6813    0.6813
    0.6224    0.6224
    0.3425    0.3425
    0.8833    0.8833
    0.8581    0.8581
    0.8322    0.8322
    0.5027    0.5027
    0.5693    0.5693
    0.6699    0.6699
    0.8441    0.8441
    0.5445    0.5445
    0.6896    0.6896
    0.9141    0.9141
    0.8032    0.8032
    0.7525    0.7525
    0.8330    0.8330
    0.5669    0.5669
    0.9468    0.9468
    1.0552    1.0552
    0.6889    0.6889
    0.8053    0.8053
    0.9539    0.9539
    0.8890    0.8890
    0.4346    0.4346
    0.6049    0.6049
    0.6810    0.6810
    0.6215    0.6215
    0.3421    0.3421
    0.8839    0.8839
    0.8567    0.8567
    0.8326    0.8326
    0.5031    0.5031
    0.5698    0.5698
    0.6697    0.6697
    0.8436    0.8436
    0.5451    0.5451
    0.6893    0.6893
    0.9141    0.9141
    0.8030    0.8030
    0.7523    0.7523
    0.8332    0.8332
    0.5674    0.5674
    0.9442    0.9442
    1.0552    1.0552
    0.6873    0.6873
    0.8031    0.8031
    0.9516    0.9516
    0.8860    0.8860
    0.4344    0.4344
    0.6027    0.6027
    0.6794    0.6794
    0.6193    0.6193
    0.3426    0.3426
    0.8835    0.8835
    0.8560    0.8560
    0.8309    0.8309
    0.5034    0.5034
    0.5683    0.5683
    0.6687    0.6687
    0.8421    0.8421
    0.5441    0.5441
    0.6876    0.6876
    0.9112    0.9112
    0.8023    0.8023
    0.7503    0.7503
    0.8311    0.8311
    0.5661    0.5661
    0.9369    0.9369
    1.0541    1.0541
    0.6845    0.6845
    0.8005    0.8005
    0.9482    0.9482
    0.8848    0.8848
    0.4315    0.4315
    0.6000    0.6000
    0.6770    0.6770
    0.6169    0.6169
    0.3425    0.3425
    0.8811    0.8811
    0.8552    0.8552
    0.8276    0.8276
    0.5020    0.5020
    0.5649    0.5649
    0.6671    0.6671
    0.8392    0.8392
    0.5418    0.5418
    0.6850    0.6850
    0.9072    0.9072
    0.8004    0.8004
    0.7475    0.7475
    0.8271    0.8271
    0.5640    0.5640
    0.9321    0.9321
    1.0494    1.0494
    0.6838    0.6838
    0.7996    0.7996
    0.9479    0.9479
    0.8851    0.8851
    0.4313    0.4313
    0.6003    0.6003
    0.6768    0.6768
    0.6169    0.6169
    0.3407    0.3407
    0.8796    0.8796
    0.8546    0.8546
    0.8267    0.8267
    0.5011    0.5011
    0.5629    0.5629
    0.6665    0.6665
    0.8384    0.8384
    0.5416    0.5416
    0.6846    0.6846
    0.9076    0.9076
    0.7994    0.7994
    0.7470    0.7470
    0.8256    0.8256
    0.5636    0.5636
    0.9333    0.9333
    1.0454    1.0454
    0.6849    0.6849
    0.8006    0.8006
    0.9488    0.9488
    0.8866    0.8866
    0.4321    0.4321
    0.6034    0.6034
    0.6782    0.6782
    0.6188    0.6188
    0.3389    0.3389
    0.8794    0.8794
    0.8560    0.8560
    0.8283    0.8283
    0.5021    0.5021
    0.5629    0.5629
    0.6672    0.6672
    0.8406    0.8406
    0.5432    0.5432
    0.6859    0.6859
    0.9096    0.9096
    0.7999    0.7999
    0.7484    0.7484
    0.8271    0.8271
    0.5642    0.5642
    0.9369    0.9369
    1.0440    1.0440
    0.6847    0.6847
    0.8014    0.8014
    0.9476    0.9476
    0.8867    0.8867
    0.4300    0.4300
    0.6049    0.6049
    0.6785    0.6785
    0.6197    0.6197
    0.3382    0.3382
    0.8784    0.8784
    0.8580    0.8580
    0.8288    0.8288
    0.5026    0.5026
    0.5638    0.5638
    0.6675    0.6675
    0.8427    0.8427
    0.5438    0.5438
    0.6864    0.6864
    0.9090    0.9090
    0.8003    0.8003
    0.7489    0.7489
    0.8282    0.8282
    0.5634    0.5634
    0.9386    0.9386
    1.0449    1.0449
    0.6839    0.6839
    0.8011    0.8011
    0.9456    0.9456
    0.8849    0.8849
    0.4280    0.4280
    0.6033    0.6033
    0.6771    0.6771
    0.6190    0.6190
    0.3391    0.3391
    0.8776    0.8776
    0.8570    0.8570
    0.8275    0.8275
    0.5017    0.5017
    0.5644    0.5644
    0.6667    0.6667
    0.8418    0.8418
    0.5427    0.5427
    0.6855    0.6855
    0.9080    0.9080
    0.7998    0.7998
    0.7480    0.7480
    0.8277    0.8277
    0.5623    0.5623
    0.9377    0.9377
    1.0480    1.0480
    0.6861    0.6861
    0.8044    0.8044
    0.9502    0.9502
    0.8895    0.8895
    0.4316    0.4316
    0.6037    0.6037
    0.6793    0.6793
    0.6201    0.6201
    0.3418    0.3418
    0.8829    0.8829
    0.8575    0.8575
    0.8312    0.8312
    0.5020    0.5020
    0.5668    0.5668
    0.6678    0.6678
    0.8430    0.8430
    0.5436    0.5436
    0.6875    0.6875
    0.9102    0.9102
    0.8014    0.8014
    0.7503    0.7503
    0.8310    0.8310
    0.5647    0.5647
    0.9432    0.9432
    1.0545    1.0545
    0.6856    0.6856
    0.8032    0.8032
    0.9503    0.9503
    0.8860    0.8860
    0.4324    0.4324
    0.6032    0.6032
    0.6786    0.6786
    0.6189    0.6189
    0.3423    0.3423
    0.8828    0.8828
    0.8558    0.8558
    0.8305    0.8305
    0.5023    0.5023
    0.5668    0.5668
    0.6670    0.6670
    0.8422    0.8422
    0.5437    0.5437
    0.6872    0.6872
    0.9102    0.9102
    0.8011    0.8011
    0.7494    0.7494
    0.8303    0.8303
    0.5646    0.5646
    0.9395    0.9395
    1.0559    1.0559
    0.6857    0.6857
    0.8029    0.8029
    0.9505    0.9505
    0.8862    0.8862
    0.4322    0.4322
    0.6032    0.6032
    0.6786    0.6786
    0.6185    0.6185
    0.3429    0.3429
    0.8832    0.8832
    0.8561    0.8561
    0.8303    0.8303
    0.5038    0.5038
    0.5677    0.5677
    0.6675    0.6675
    0.8424    0.8424
    0.5443    0.5443
    0.6874    0.6874
    0.9109    0.9109
    0.8019    0.8019
    0.7493    0.7493
    0.8301    0.8301
    0.5650    0.5650
    0.9341    0.9341
    1.0580    1.0580
    0.6862    0.6862
    0.8035    0.8035
    0.9510    0.9510
    0.8890    0.8890
    0.4315    0.4315
    0.6029    0.6029
    0.6791    0.6791
    0.6188    0.6188
    0.3426    0.3426
    0.8844    0.8844
    0.8577    0.8577
    0.8305    0.8305
    0.5036    0.5036
    0.5678    0.5678
    0.6682    0.6682
    0.8423    0.8423
    0.5442    0.5442
    0.6875    0.6875
    0.9112    0.9112
    0.8028    0.8028
    0.7496    0.7496
    0.8302    0.8302
    0.5657    0.5657
    0.9331    0.9331
    1.0570    1.0570
    0.6857    0.6857
    0.8023    0.8023
    0.9503    0.9503
    0.8881    0.8881
    0.4321    0.4321
    0.6024    0.6024
    0.6784    0.6784
    0.6182    0.6182
    0.3413    0.3413
    0.8833    0.8833
    0.8571    0.8571
    0.8295    0.8295
    0.5024    0.5024
    0.5654    0.5654
    0.6673    0.6673
    0.8407    0.8407
    0.5430    0.5430
    0.6865    0.6865
    0.9105    0.9105
    0.8015    0.8015
    0.7491    0.7491
    0.8293    0.8293
    0.5654    0.5654
    0.9355    0.9355
    1.0515    1.0515
    0.6866    0.6866
    0.8026    0.8026
    0.9507    0.9507
    0.8883    0.8883
    0.4328    0.4328
    0.6049    0.6049
    0.6791    0.6791
    0.6190    0.6190
    0.3409    0.3409
    0.8820    0.8820
    0.8586    0.8586
    0.8303    0.8303
    0.5038    0.5038
    0.5648    0.5648
    0.6681    0.6681
    0.8422    0.8422
    0.5439    0.5439
    0.6872    0.6872
    0.9109    0.9109
    0.8019    0.8019
    0.7501    0.7501
    0.8308    0.8308
    0.5650    0.5650
    0.9394    0.9394
    1.0503    1.0503
    0.6868    0.6868
    0.8032    0.8032
    0.9494    0.9494
    0.8886    0.8886
    0.4310    0.4310
    0.6059    0.6059
    0.6796    0.6796
    0.6197    0.6197
    0.3412    0.3412
    0.8799    0.8799
    0.8601    0.8601
    0.8307    0.8307
    0.5043    0.5043
    0.5660    0.5660
    0.6690    0.6690
    0.8445    0.8445
    0.5447    0.5447
    0.6879    0.6879
    0.9107    0.9107
    0.8025    0.8025
    0.7506    0.7506
    0.8318    0.8318
    0.5635    0.5635
    0.9406    0.9406
    1.0534    1.0534
    0.6860    0.6860
    0.8032    0.8032
    0.9476    0.9476
    0.8872    0.8872
    0.4298    0.4298
    0.6042    0.6042
    0.6790    0.6790
    0.6197    0.6197
    0.3418    0.3418
    0.8789    0.8789
    0.8589    0.8589
    0.8298    0.8298
    0.5030    0.5030
    0.5667    0.5667
    0.6687    0.6687
    0.8442    0.8442
    0.5437    0.5437
    0.6874    0.6874
    0.9112    0.9112
    0.8020    0.8020
    0.7501    0.7501
    0.8312    0.8312
    0.5626    0.5626
    0.9392    0.9392
    1.0563    1.0563
    0.6847    0.6847
    0.8034    0.8034
    0.9486    0.9486
    0.8871    0.8871
    0.4317    0.4317
    0.6024    0.6024
    0.6777    0.6777
    0.6192    0.6192
    0.3414    0.3414
    0.8821    0.8821
    0.8578    0.8578
    0.8306    0.8306
    0.5021    0.5021
    0.5655    0.5655
    0.6673    0.6673
    0.8415    0.8415
    0.5431    0.5431
    0.6865    0.6865
    0.9082    0.9082
    0.8015    0.8015
    0.7492    0.7492
    0.8293    0.8293
    0.5629    0.5629
    0.9375    0.9375
    1.0529    1.0529
    0.6834    0.6834
    0.8018    0.8018
    0.9481    0.9481
    0.8840    0.8840
    0.4304    0.4304
    0.6017    0.6017
    0.6762    0.6762
    0.6175    0.6175
    0.3421    0.3421
    0.8805    0.8805
    0.8555    0.8555
    0.8286    0.8286
    0.5019    0.5019
    0.5649    0.5649
    0.6657    0.6657
    0.8402    0.8402
    0.5422    0.5422
    0.6859    0.6859
    0.9071    0.9071
    0.8003    0.8003
    0.7477    0.7477
    0.8278    0.8278
    0.5616    0.5616
    0.9337    0.9337
    1.0531    1.0531
    0.6852    0.6852
    0.8033    0.8033
    0.9499    0.9499
    0.8864    0.8864
    0.4295    0.4295
    0.6037    0.6037
    0.6778    0.6778
    0.6183    0.6183
    0.3431    0.3431
    0.8814    0.8814
    0.8563    0.8563
    0.8297    0.8297
    0.5040    0.5040
    0.5673    0.5673
    0.6666    0.6666
    0.8423    0.8423
    0.5438    0.5438
    0.6873    0.6873
    0.9106    0.9106
    0.8016    0.8016
    0.7488    0.7488
    0.8294    0.8294
    0.5632    0.5632
    0.9328    0.9328
    1.0558    1.0558
    0.6863    0.6863
    0.8044    0.8044
    0.9502    0.9502
    0.8896    0.8896
    0.4298    0.4298
    0.6041    0.6041
    0.6792    0.6792
    0.6190    0.6190
    0.3427    0.3427
    0.8831    0.8831
    0.8580    0.8580
    0.8311    0.8311
    0.5041    0.5041
    0.5682    0.5682
    0.6674    0.6674
    0.8431    0.8431
    0.5442    0.5442
    0.6875    0.6875
    0.9130    0.9130
    0.8024    0.8024
    0.7495    0.7495
    0.8306    0.8306
    0.5647    0.5647
    0.9336    0.9336
    1.0556    1.0556
    0.6859    0.6859
    0.8033    0.8033
    0.9485    0.9485
    0.8884    0.8884
    0.4307    0.4307
    0.6030    0.6030
    0.6782    0.6782
    0.6183    0.6183
    0.3425    0.3425
    0.8824    0.8824
    0.8577    0.8577
    0.8302    0.8302
    0.5030    0.5030
    0.5665    0.5665
    0.6666    0.6666
    0.8413    0.8413
    0.5433    0.5433
    0.6862    0.6862
    0.9127    0.9127
    0.8017    0.8017
    0.7489    0.7489
    0.8303    0.8303
    0.5640    0.5640
    0.9356    0.9356
    1.0536    1.0536
    0.6861    0.6861
    0.8028    0.8028
    0.9486    0.9486
    0.8869    0.8869
    0.4309    0.4309
    0.6041    0.6041
    0.6776    0.6776
    0.6182    0.6182
    0.3429    0.3429
    0.8800    0.8800
    0.8579    0.8579
    0.8295    0.8295
    0.5038    0.5038
    0.5661    0.5661
    0.6672    0.6672
    0.8414    0.8414
    0.5440    0.5440
    0.6863    0.6863
    0.9125    0.9125
    0.8023    0.8023
    0.7493    0.7493
    0.8305    0.8305
    0.5625    0.5625
    0.9380    0.9380
    1.0559    1.0559
    0.6871    0.6871
    0.8042    0.8042
    0.9503    0.9503
    0.8877    0.8877
    0.4306    0.4306
    0.6056    0.6056
    0.6789    0.6789
    0.6193    0.6193
    0.3428    0.3428
    0.8785    0.8785
    0.8590    0.8590
    0.8305    0.8305
    0.5047    0.5047
    0.5683    0.5683
    0.6692    0.6692
    0.8442    0.8442
    0.5453    0.5453
    0.6882    0.6882
    0.9139    0.9139
    0.8039    0.8039
    0.7508    0.7508
    0.8317    0.8317
    0.5620    0.5620
    0.9391    0.9391
    1.0609    1.0609
    0.6875    0.6875
    0.8050    0.8050
    0.9506    0.9506
    0.8878    0.8878
    0.4311    0.4311
    0.6051    0.6051
    0.6797    0.6797
    0.6200    0.6200
    0.3423    0.3423
    0.8789    0.8789
    0.8588    0.8588
    0.8309    0.8309
    0.5043    0.5043
    0.5691    0.5691
    0.6698    0.6698
    0.8452    0.8452
    0.5450    0.5450
    0.6890    0.6890
    0.9150    0.9150
    0.8041    0.8041
    0.7513    0.7513
    0.8320    0.8320
    0.5628    0.5628
    0.9382    0.9382
    1.0619    1.0619
    0.6873    0.6873
    0.8054    0.8054
    0.9530    0.9530
    0.8905    0.8905
    0.4336    0.4336
    0.6049    0.6049
    0.6796    0.6796
    0.6214    0.6214
    0.3429    0.3429
    0.8833    0.8833
    0.8604    0.8604
    0.8323    0.8323
    0.5039    0.5039
    0.5686    0.5686
    0.6701    0.6701
    0.8434    0.8434
    0.5457    0.5457
    0.6890    0.6890
    0.9132    0.9132
    0.8053    0.8053
    0.7519    0.7519
    0.8315    0.8315
    0.5643    0.5643
    0.9382    0.9382
    1.0575    1.0575
    0.6851    0.6851
    0.8026    0.8026
    0.9501    0.9501
    0.8870    0.8870
    0.4306    0.4306
    0.6031    0.6031
    0.6767    0.6767
    0.6188    0.6188
    0.3422    0.3422
    0.8797    0.8797
    0.8567    0.8567
    0.8290    0.8290
    0.5024    0.5024
    0.5668    0.5668
    0.6671    0.6671
    0.8406    0.8406
    0.5442    0.5442
    0.6869    0.6869
    0.9099    0.9099
    0.8024    0.8024
    0.7492    0.7492
    0.8287    0.8287
    0.5622    0.5622
    0.9333    0.9333
    1.0546    1.0546
    0.6861    0.6861
    0.8035    0.8035
    0.9507    0.9507
    0.8877    0.8877
    0.4295    0.4295
    0.6040    0.6040
    0.6778    0.6778
    0.6193    0.6193
    0.3425    0.3425
    0.8797    0.8797
    0.8563    0.8563
    0.8299    0.8299
    0.5028    0.5028
    0.5677    0.5677
    0.6670    0.6670
    0.8424    0.8424
    0.5446    0.5446
    0.6873    0.6873
    0.9122    0.9122
    0.8018    0.8018
    0.7494    0.7494
    0.8297    0.8297
    0.5635    0.5635
    0.9327    0.9327
    1.0545    1.0545
    0.6872    0.6872
    0.8052    0.8052
    0.9517    0.9517
    0.8897    0.8897
    0.4305    0.4305
    0.6044    0.6044
    0.6795    0.6795
    0.6206    0.6206
    0.3426    0.3426
    0.8820    0.8820
    0.8582    0.8582
    0.8319    0.8319
    0.5030    0.5030
    0.5685    0.5685
    0.6678    0.6678
    0.8443    0.8443
    0.5443    0.5443
    0.6876    0.6876
    0.9149    0.9149
    0.8021    0.8021
    0.7501    0.7501
    0.8310    0.8310
    0.5651    0.5651
    0.9346    0.9346
    1.0552    1.0552
    0.6851    0.6851
    0.8027    0.8027
    0.9477    0.9477
    0.8868    0.8868
    0.4304    0.4304
    0.6020    0.6020
    0.6769    0.6769
    0.6189    0.6189
    0.3421    0.3421
    0.8805    0.8805
    0.8563    0.8563
    0.8289    0.8289
    0.5016    0.5016
    0.5661    0.5661
    0.6659    0.6659
    0.8407    0.8407
    0.5425    0.5425
    0.6851    0.6851
    0.9121    0.9121
    0.8001    0.8001
    0.7480    0.7480
    0.8287    0.8287
    0.5632    0.5632
    0.9350    0.9350
    1.0524    1.0524
    0.6836    0.6836
    0.8007    0.8007
    0.9455    0.9455
    0.8837    0.8837
    0.4295    0.4295
    0.6013    0.6013
    0.6747    0.6747
    0.6169    0.6169
    0.3422    0.3422
    0.8769    0.8769
    0.8540    0.8540
    0.8259    0.8259
    0.5014    0.5014
    0.5650    0.5650
    0.6653    0.6653
    0.8381    0.8381
    0.5428    0.5428
    0.6840    0.6840
    0.9099    0.9099
    0.7998    0.7998
    0.7468    0.7468
    0.8270    0.8270
    0.5606    0.5606
    0.9349    0.9349
    1.0525    1.0525
    0.6835    0.6835
    0.8008    0.8008
    0.9470    0.9470
    0.8825    0.8825
    0.4286    0.4286
    0.6020    0.6020
    0.6750    0.6750
    0.6160    0.6160
    0.3415    0.3415
    0.8739    0.8739
    0.8528    0.8528
    0.8254    0.8254
    0.5018    0.5018
    0.5660    0.5660
    0.6663    0.6663
    0.8386    0.8386
    0.5429    0.5429
    0.6848    0.6848
    0.9099    0.9099
    0.8004    0.8004
    0.7471    0.7471
    0.8266    0.8266
    0.5596    0.5596
    0.9332    0.9332
    1.0539    1.0539
    0.6843    0.6843
    0.8016    0.8016
    0.9480    0.9480
    0.8832    0.8832
    0.4289    0.4289
    0.6022    0.6022
    0.6760    0.6760
    0.6166    0.6166
    0.3406    0.3406
    0.8745    0.8745
    0.8532    0.8532
    0.8266    0.8266
    0.5022    0.5022
    0.5663    0.5663
    0.6670    0.6670
    0.8399    0.8399
    0.5421    0.5421
    0.6858    0.6858
    0.9107    0.9107
    0.8008    0.8008
    0.7477    0.7477
    0.8270    0.8270
    0.5607    0.5607
    0.9320    0.9320
    1.0534    1.0534
    0.6888    0.6888
    0.8059    0.8059
    0.9551    0.9551
    0.8938    0.8938
    0.4334    0.4334
    0.6067    0.6067
    0.6806    0.6806
    0.6216    0.6216
    0.3448    0.3448
    0.8834    0.8834
    0.8599    0.8599
    0.8322    0.8322
    0.5052    0.5052
    0.5697    0.5697
    0.6714    0.6714
    0.8446    0.8446
    0.5470    0.5470
    0.6897    0.6897
    0.9156    0.9156
    0.8062    0.8062
    0.7528    0.7528
    0.8328    0.8328
    0.5655    0.5655
    0.9412    0.9412
    1.0616    1.0616
    0.6865    0.6865
    0.8031    0.8031
    0.9516    0.9516
    0.8913    0.8913
    0.4305    0.4305
    0.6044    0.6044
    0.6778    0.6778
    0.6191    0.6191
    0.3429    0.3429
    0.8802    0.8802
    0.8566    0.8566
    0.8295    0.8295
    0.5033    0.5033
    0.5675    0.5675
    0.6688    0.6688
    0.8419    0.8419
    0.5461    0.5461
    0.6874    0.6874
    0.9121    0.9121
    0.8033    0.8033
    0.7503    0.7503
    0.8302    0.8302
    0.5645    0.5645
    0.9370    0.9370
    1.0575    1.0575
    0.6865    0.6865
    0.8036    0.8036
    0.9516    0.9516
    0.8902    0.8902
    0.4300    0.4300
    0.6039    0.6039
    0.6783    0.6783
    0.6192    0.6192
    0.3412    0.3412
    0.8793    0.8793
    0.8562    0.8562
    0.8302    0.8302
    0.5015    0.5015
    0.5671    0.5671
    0.6680    0.6680
    0.8430    0.8430
    0.5455    0.5455
    0.6870    0.6870
    0.9132    0.9132
    0.8018    0.8018
    0.7497    0.7497
    0.8301    0.8301
    0.5655    0.5655
    0.9345    0.9345
    1.0563    1.0563
    0.6881    0.6881
    0.8058    0.8058
    0.9543    0.9543
    0.8912    0.8912
    0.4318    0.4318
    0.6052    0.6052
    0.6802    0.6802
    0.6215    0.6215
    0.3411    0.3411
    0.8821    0.8821
    0.8584    0.8584
    0.8323    0.8323
    0.5013    0.5013
    0.5684    0.5684
    0.6689    0.6689
    0.8453    0.8453
    0.5445    0.5445
    0.6880    0.6880
    0.9160    0.9160
    0.8023    0.8023
    0.7509    0.7509
    0.8316    0.8316
    0.5671    0.5671
    0.9359    0.9359
    1.0587    1.0587
    0.6861    0.6861
    0.8029    0.8029
    0.9503    0.9503
    0.8875    0.8875
    0.4310    0.4310
    0.6033    0.6033
    0.6775    0.6775
    0.6200    0.6200
    0.3412    0.3412
    0.8808    0.8808
    0.8561    0.8561
    0.8290    0.8290
    0.5004    0.5004
    0.5663    0.5663
    0.6667    0.6667
    0.8416    0.8416
    0.5422    0.5422
    0.6856    0.6856
    0.9120    0.9120
    0.8001    0.8001
    0.7488    0.7488
    0.8288    0.8288
    0.5653    0.5653
    0.9357    0.9357
    1.0542    1.0542
    0.6839    0.6839
    0.8002    0.8002
    0.9473    0.9473
    0.8841    0.8841
    0.4298    0.4298
    0.6014    0.6014
    0.6751    0.6751
    0.6173    0.6173
    0.3427    0.3427
    0.8775    0.8775
    0.8535    0.8535
    0.8256    0.8256
    0.5001    0.5001
    0.5647    0.5647
    0.6657    0.6657
    0.8382    0.8382
    0.5422    0.5422
    0.6841    0.6841
    0.9088    0.9088
    0.7994    0.7994
    0.7471    0.7471
    0.8269    0.8269
    0.5626    0.5626
    0.9346    0.9346
    1.0502    1.0502
    0.6844    0.6844
    0.8014    0.8014
    0.9496    0.9496
    0.8844    0.8844
    0.4298    0.4298
    0.6016    0.6016
    0.6761    0.6761
    0.6167    0.6167
    0.3438    0.3438
    0.8758    0.8758
    0.8541    0.8541
    0.8261    0.8261
    0.5009    0.5009
    0.5658    0.5658
    0.6671    0.6671
    0.8389    0.8389
    0.5423    0.5423
    0.6854    0.6854
    0.9098    0.9098
    0.8013    0.8013
    0.7480    0.7480
    0.8279    0.8279
    0.5618    0.5618
    0.9336    0.9336
    1.0515    1.0515
    0.6855    0.6855
    0.8029    0.8029
    0.9508    0.9508
    0.8855    0.8855
    0.4300    0.4300
    0.6021    0.6021
    0.6774    0.6774
    0.6177    0.6177
    0.3432    0.3432
    0.8766    0.8766
    0.8557    0.8557
    0.8283    0.8283
    0.5018    0.5018
    0.5668    0.5668
    0.6678    0.6678
    0.8403    0.8403
    0.5418    0.5418
    0.6865    0.6865
    0.9111    0.9111
    0.8024    0.8024
    0.7491    0.7491
    0.8286    0.8286
    0.5623    0.5623
    0.9334    0.9334
    1.0526    1.0526
    0.6870    0.6870
    0.8038    0.8038
    0.9516    0.9516
    0.8922    0.8922
    0.4309    0.4309
    0.6052    0.6052
    0.6787    0.6787
    0.6193    0.6193
    0.3445    0.3445
    0.8820    0.8820
    0.8570    0.8570
    0.8297    0.8297
    0.5046    0.5046
    0.5673    0.5673
    0.6698    0.6698
    0.8429    0.8429
    0.5449    0.5449
    0.6879    0.6879
    0.9131    0.9131
    0.8031    0.8031
    0.7508    0.7508
    0.8312    0.8312
    0.5644    0.5644
    0.9399    0.9399
    1.0583    1.0583
    0.6848    0.6848
    0.8018    0.8018
    0.9486    0.9486
    0.8905    0.8905
    0.4286    0.4286
    0.6026    0.6026
    0.6769    0.6769
    0.6172    0.6172
    0.3426    0.3426
    0.8797    0.8797
    0.8546    0.8546
    0.8277    0.8277
    0.5029    0.5029
    0.5652    0.5652
    0.6678    0.6678
    0.8408    0.8408
    0.5439    0.5439
    0.6860    0.6860
    0.9102    0.9102
    0.8009    0.8009
    0.7487    0.7487
    0.8289    0.8289
    0.5638    0.5638
    0.9372    0.9372
    1.0539    1.0539
    0.6847    0.6847
    0.8020    0.8020
    0.9490    0.9490
    0.8893    0.8893
    0.4288    0.4288
    0.6021    0.6021
    0.6774    0.6774
    0.6172    0.6172
    0.3401    0.3401
    0.8785    0.8785
    0.8544    0.8544
    0.8280    0.8280
    0.5007    0.5007
    0.5646    0.5646
    0.6668    0.6668
    0.8413    0.8413
    0.5434    0.5434
    0.6855    0.6855
    0.9110    0.9110
    0.8001    0.8001
    0.7479    0.7479
    0.8285    0.8285
    0.5647    0.5647
    0.9345    0.9345
    1.0533    1.0533
    0.6873    0.6873
    0.8047    0.8047
    0.9527    0.9527
    0.8906    0.8906
    0.4313    0.4313
    0.6050    0.6050
    0.6801    0.6801
    0.6200    0.6200
    0.3402    0.3402
    0.8809    0.8809
    0.8573    0.8573
    0.8305    0.8305
    0.5009    0.5009
    0.5669    0.5669
    0.6682    0.6682
    0.8443    0.8443
    0.5434    0.5434
    0.6874    0.6874
    0.9144    0.9144
    0.8019    0.8019
    0.7502    0.7502
    0.8309    0.8309
    0.5668    0.5668
    0.9362    0.9362
    1.0580    1.0580
    0.6874    0.6874
    0.8038    0.8038
    0.9516    0.9516
    0.8890    0.8890
    0.4318    0.4318
    0.6055    0.6055
    0.6794    0.6794
    0.6203    0.6203
    0.3418    0.3418
    0.8811    0.8811
    0.8571    0.8571
    0.8300    0.8300
    0.5014    0.5014
    0.5669    0.5669
    0.6680    0.6680
    0.8437    0.8437
    0.5427    0.5427
    0.6869    0.6869
    0.9133    0.9133
    0.8019    0.8019
    0.7502    0.7502
    0.8305    0.8305
    0.5669    0.5669
    0.9376    0.9376
    1.0559    1.0559
    0.6858    0.6858
    0.8015    0.8015
    0.9496    0.9496
    0.8868    0.8868
    0.4308    0.4308
    0.6034    0.6034
    0.6774    0.6774
    0.6184    0.6184
    0.3440    0.3440
    0.8788    0.8788
    0.8559    0.8559
    0.8278    0.8278
    0.5010    0.5010
    0.5654    0.5654
    0.6673    0.6673
    0.8415    0.8415
    0.5423    0.5423
    0.6857    0.6857
    0.9109    0.9109
    0.8012    0.8012
    0.7489    0.7489
    0.8292    0.8292
    0.5648    0.5648
    0.9365    0.9365
    1.0519    1.0519
    0.6863    0.6863
    0.8024    0.8024
    0.9517    0.9517
    0.8878    0.8878
    0.4307    0.4307
    0.6027    0.6027
    0.6783    0.6783
    0.6186    0.6186
    0.3455    0.3455
    0.8782    0.8782
    0.8577    0.8577
    0.8284    0.8284
    0.5010    0.5010
    0.5663    0.5663
    0.6683    0.6683
    0.8419    0.8419
    0.5423    0.5423
    0.6866    0.6866
    0.9119    0.9119
    0.8027    0.8027
    0.7497    0.7497
    0.8302    0.8302
    0.5639    0.5639
    0.9358    0.9358
    1.0542    1.0542
    0.6867    0.6867
    0.8033    0.8033
    0.9522    0.9522
    0.8878    0.8878
    0.4309    0.4309
    0.6025    0.6025
    0.6788    0.6788
    0.6192    0.6192
    0.3448    0.3448
    0.8785    0.8785
    0.8586    0.8586
    0.8296    0.8296
    0.5012    0.5012
    0.5671    0.5671
    0.6681    0.6681
    0.8419    0.8419
    0.5418    0.5418
    0.6869    0.6869
    0.9121    0.9121
    0.8031    0.8031
    0.7501    0.7501
    0.8302    0.8302
    0.5638    0.5638
    0.9356    0.9356
    1.0558    1.0558
   -0.0007   -0.0007
   -0.0011   -0.0011
   -0.0101   -0.0101
   -0.0137   -0.0137
    0.0053    0.0053
    0.0191    0.0191
   -0.0147   -0.0147
   -0.0118   -0.0118
    0.0125    0.0125
    0.0001    0.0001
   -0.0057   -0.0057
    0.0075    0.0075
    0.0080    0.0080
    0.0003    0.0003
    0.0100    0.0100
    0.0152    0.0152
    0.0088    0.0088
    0.0002    0.0002
   -0.0034   -0.0034
    0.0124    0.0124
    0.0049    0.0049
    0.0015    0.0015
   -0.0177   -0.0177
   -0.0099   -0.0099
   -0.0020   -0.0020
   -0.0009   -0.0009
    0.0034    0.0034
   -0.0132   -0.0132
    0.0174    0.0174
   -0.0087   -0.0087
    0.0091    0.0091
   -0.0040   -0.0040
   -0.0113   -0.0113
   -0.0029   -0.0029
    0.0152    0.0152
   -0.0068   -0.0068
   -0.0022   -0.0022
    0.0089    0.0089
   -0.0076   -0.0076
   -0.0056   -0.0056
    0.0023    0.0023
   -0.0135   -0.0135
   -0.0098   -0.0098
   -0.0154   -0.0154
    0.0040    0.0040
   -0.0165   -0.0165
    0.0068    0.0068
    0.0019    0.0019
   -0.0053   -0.0053
    0.0198    0.0198
   -0.0067   -0.0067
    0.0054    0.0054
    0.0119    0.0119
   -0.0056   -0.0056
   -0.0136   -0.0136
   -0.0012   -0.0012
   -0.0099   -0.0099
    0.0037    0.0037
   -0.0008   -0.0008
   -0.0095   -0.0095
    0.0073    0.0073
   -0.0149   -0.0149
   -0.0025   -0.0025
   -0.0045   -0.0045
   -0.0007   -0.0007
   -0.0013   -0.0013
   -0.0117   -0.0117
   -0.0156   -0.0156
    0.0064    0.0064
    0.0221    0.0221
   -0.0174   -0.0174
   -0.0138   -0.0138
    0.0150    0.0150
    0.0004    0.0004
   -0.0065   -0.0065
    0.0088    0.0088
    0.0093    0.0093
    0.0001    0.0001
    0.0110    0.0110
    0.0174    0.0174
    0.0107    0.0107
    0.0008    0.0008
   -0.0040   -0.0040
    0.0143    0.0143
    0.0053    0.0053
    0.0013    0.0013
   -0.0211   -0.0211
   -0.0120   -0.0120
   -0.0021   -0.0021
   -0.0009   -0.0009
    0.0037    0.0037
   -0.0157   -0.0157
    0.0201    0.0201
   -0.0103   -0.0103
    0.0104    0.0104
   -0.0048   -0.0048
   -0.0132   -0.0132
   -0.0033   -0.0033
    0.0178    0.0178
   -0.0078   -0.0078
   -0.0026   -0.0026
    0.0104    0.0104
   -0.0088   -0.0088
   -0.0066   -0.0066
    0.0026    0.0026
   -0.0155   -0.0155
   -0.0109   -0.0109
   -0.0174   -0.0174
    0.0050    0.0050
   -0.0192   -0.0192
    0.0080    0.0080
    0.0023    0.0023
   -0.0063   -0.0063
    0.0231    0.0231
   -0.0074   -0.0074
    0.0066    0.0066
    0.0141    0.0141
   -0.0066   -0.0066
   -0.0160   -0.0160
   -0.0012   -0.0012
   -0.0117   -0.0117
    0.0041    0.0041
   -0.0009   -0.0009
   -0.0111   -0.0111
    0.0084    0.0084
   -0.0176   -0.0176
   -0.0030   -0.0030
   -0.0051   -0.0051
   -0.0011   -0.0011
   -0.0014   -0.0014
   -0.0136   -0.0136
   -0.0186   -0.0186
    0.0073    0.0073
    0.0261    0.0261
   -0.0207   -0.0207
   -0.0167   -0.0167
    0.0176    0.0176
    0.0007    0.0007
   -0.0072   -0.0072
    0.0107    0.0107
    0.0113    0.0113
    0.0004    0.0004
    0.0131    0.0131
    0.0205    0.0205
    0.0123    0.0123
    0.0010    0.0010
   -0.0043   -0.0043
    0.0173    0.0173
    0.0068    0.0068
    0.0020    0.0020
   -0.0249   -0.0249
   -0.0144   -0.0144
   -0.0031   -0.0031
   -0.0014   -0.0014
    0.0044    0.0044
   -0.0186   -0.0186
    0.0239    0.0239
   -0.0120   -0.0120
    0.0123    0.0123
   -0.0060   -0.0060
   -0.0162   -0.0162
   -0.0044   -0.0044
    0.0208    0.0208
   -0.0097   -0.0097
   -0.0034   -0.0034
    0.0121    0.0121
   -0.0105   -0.0105
   -0.0079   -0.0079
    0.0030    0.0030
   -0.0184   -0.0184
   -0.0132   -0.0132
   -0.0210   -0.0210
    0.0056    0.0056
   -0.0229   -0.0229
    0.0094    0.0094
    0.0028    0.0028
   -0.0070   -0.0070
    0.0276    0.0276
   -0.0089   -0.0089
    0.0077    0.0077
    0.0167    0.0167
   -0.0075   -0.0075
   -0.0186   -0.0186
   -0.0013   -0.0013
   -0.0136   -0.0136
    0.0049    0.0049
   -0.0012   -0.0012
   -0.0132   -0.0132
    0.0102    0.0102
   -0.0204   -0.0204
   -0.0030   -0.0030
   -0.0058   -0.0058
   -0.0007   -0.0007
   -0.0014   -0.0014
   -0.0130   -0.0130
   -0.0172   -0.0172
    0.0075    0.0075
    0.0248    0.0248
   -0.0196   -0.0196
   -0.0159   -0.0159
    0.0167    0.0167
    0.0004    0.0004
   -0.0073   -0.0073
    0.0100    0.0100
    0.0108    0.0108
    0.0006    0.0006
    0.0124    0.0124
    0.0192    0.0192
    0.0118    0.0118
    0.0005    0.0005
   -0.0045   -0.0045
    0.0161    0.0161
    0.0063    0.0063
    0.0020    0.0020
   -0.0232   -0.0232
   -0.0134   -0.0134
   -0.0027   -0.0027
   -0.0017   -0.0017
    0.0038    0.0038
   -0.0174   -0.0174
    0.0225    0.0225
   -0.0113   -0.0113
    0.0117    0.0117
   -0.0055   -0.0055
   -0.0153   -0.0153
   -0.0045   -0.0045
    0.0193    0.0193
   -0.0089   -0.0089
   -0.0029   -0.0029
    0.0115    0.0115
   -0.0100   -0.0100
   -0.0075   -0.0075
    0.0029    0.0029
   -0.0174   -0.0174
   -0.0126   -0.0126
   -0.0197   -0.0197
    0.0054    0.0054
   -0.0216   -0.0216
    0.0084    0.0084
    0.0023    0.0023
   -0.0062   -0.0062
    0.0264    0.0264
   -0.0082   -0.0082
    0.0073    0.0073
    0.0157    0.0157
   -0.0072   -0.0072
   -0.0179   -0.0179
   -0.0017   -0.0017
   -0.0123   -0.0123
    0.0053    0.0053
   -0.0008   -0.0008
   -0.0124   -0.0124
    0.0095    0.0095
   -0.0193   -0.0193
   -0.0031   -0.0031
   -0.0058   -0.0058
   -0.0004   -0.0004
   -0.0007   -0.0007
   -0.0064   -0.0064
   -0.0085   -0.0085
    0.0037    0.0037
    0.0122    0.0122
   -0.0096   -0.0096
   -0.0077   -0.0077
    0.0081    0.0081
    0.0000    0.0000
   -0.0037   -0.0037
    0.0049    0.0049
    0.0053    0.0053
    0.0002    0.0002
    0.0062    0.0062
    0.0097    0.0097
    0.0057    0.0057
    0.0000    0.0000
   -0.0024   -0.0024
    0.0078    0.0078
    0.0029    0.0029
    0.0007    0.0007
   -0.0114   -0.0114
   -0.0063   -0.0063
   -0.0015   -0.0015
   -0.0010   -0.0010
    0.0018    0.0018
   -0.0086   -0.0086
    0.0109    0.0109
   -0.0058   -0.0058
    0.0059    0.0059
   -0.0024   -0.0024
   -0.0077   -0.0077
   -0.0022   -0.0022
    0.0097    0.0097
   -0.0042   -0.0042
   -0.0015   -0.0015
    0.0057    0.0057
   -0.0046   -0.0046
   -0.0034   -0.0034
    0.0011    0.0011
   -0.0086   -0.0086
   -0.0059   -0.0059
   -0.0096   -0.0096
    0.0026    0.0026
   -0.0106   -0.0106
    0.0045    0.0045
    0.0015    0.0015
   -0.0034   -0.0034
    0.0129    0.0129
   -0.0040   -0.0040
    0.0036    0.0036
    0.0076    0.0076
   -0.0036   -0.0036
   -0.0087   -0.0087
   -0.0006   -0.0006
   -0.0062   -0.0062
    0.0025    0.0025
   -0.0003   -0.0003
   -0.0061   -0.0061
    0.0046    0.0046
   -0.0095   -0.0095
   -0.0015   -0.0015
   -0.0028   -0.0028
   -0.0008   -0.0008
   -0.0012   -0.0012
   -0.0090   -0.0090
   -0.0120   -0.0120
    0.0049    0.0049
    0.0170    0.0170
   -0.0133   -0.0133
   -0.0108   -0.0108
    0.0114    0.0114
    0.0004    0.0004
   -0.0045   -0.0045
    0.0072    0.0072
    0.0076    0.0076
    0.0001    0.0001
    0.0081    0.0081
    0.0130    0.0130
    0.0081    0.0081
    0.0008    0.0008
   -0.0024   -0.0024
    0.0118    0.0118
    0.0047    0.0047
    0.0010    0.0010
   -0.0165   -0.0165
   -0.0095   -0.0095
   -0.0019   -0.0019
   -0.0008   -0.0008
    0.0029    0.0029
   -0.0117   -0.0117
    0.0157    0.0157
   -0.0080   -0.0080
    0.0076    0.0076
   -0.0039   -0.0039
   -0.0103   -0.0103
   -0.0028   -0.0028
    0.0132    0.0132
   -0.0061   -0.0061
   -0.0019   -0.0019
    0.0079    0.0079
   -0.0070   -0.0070
   -0.0050   -0.0050
    0.0020    0.0020
   -0.0120   -0.0120
   -0.0087   -0.0087
   -0.0135   -0.0135
    0.0039    0.0039
   -0.0147   -0.0147
    0.0059    0.0059
    0.0017    0.0017
   -0.0048   -0.0048
    0.0177    0.0177
   -0.0058   -0.0058
    0.0049    0.0049
    0.0107    0.0107
   -0.0049   -0.0049
   -0.0120   -0.0120
   -0.0008   -0.0008
   -0.0090   -0.0090
    0.0032    0.0032
   -0.0006   -0.0006
   -0.0088   -0.0088
    0.0062    0.0062
   -0.0134   -0.0134
   -0.0019   -0.0019
   -0.0035   -0.0035
   -0.0009   -0.0009
   -0.0012   -0.0012
   -0.0098   -0.0098
   -0.0132   -0.0132
    0.0053    0.0053
    0.0185    0.0185
   -0.0149   -0.0149
   -0.0117   -0.0117
    0.0123    0.0123
    0.0003    0.0003
   -0.0053   -0.0053
    0.0076    0.0076
    0.0078    0.0078
   -0.0001   -0.0001
    0.0092    0.0092
    0.0149    0.0149
    0.0085    0.0085
    0.0004    0.0004
   -0.0033   -0.0033
    0.0123    0.0123
    0.0046    0.0046
    0.0010    0.0010
   -0.0179   -0.0179
   -0.0100   -0.0100
   -0.0022   -0.0022
   -0.0012   -0.0012
    0.0030    0.0030
   -0.0134   -0.0134
    0.0170    0.0170
   -0.0087   -0.0087
    0.0087    0.0087
   -0.0043   -0.0043
   -0.0113   -0.0113
   -0.0029   -0.0029
    0.0148    0.0148
   -0.0070   -0.0070
   -0.0024   -0.0024
    0.0090    0.0090
   -0.0074   -0.0074
   -0.0056   -0.0056
    0.0024    0.0024
   -0.0128   -0.0128
   -0.0093   -0.0093
   -0.0151   -0.0151
    0.0041    0.0041
   -0.0159   -0.0159
    0.0070    0.0070
    0.0021    0.0021
   -0.0050   -0.0050
    0.0200    0.0200
   -0.0062   -0.0062
    0.0055    0.0055
    0.0121    0.0121
   -0.0050   -0.0050
   -0.0132   -0.0132
   -0.0010   -0.0010
   -0.0096   -0.0096
    0.0038    0.0038
   -0.0008   -0.0008
   -0.0095   -0.0095
    0.0073    0.0073
   -0.0145   -0.0145
   -0.0023   -0.0023
   -0.0044   -0.0044
   -0.0009   -0.0009
   -0.0014   -0.0014
   -0.0094   -0.0094
   -0.0124   -0.0124
    0.0053    0.0053
    0.0176    0.0176
   -0.0137   -0.0137
   -0.0110   -0.0110
    0.0113    0.0113
    0.0000    0.0000
   -0.0050   -0.0050
    0.0074    0.0074
    0.0078    0.0078
    0.0002    0.0002
    0.0084    0.0084
    0.0133    0.0133
    0.0079    0.0079
    0.0004    0.0004
   -0.0028   -0.0028
    0.0117    0.0117
    0.0046    0.0046
    0.0012    0.0012
   -0.0167   -0.0167
   -0.0098   -0.0098
   -0.0022   -0.0022
   -0.0010   -0.0010
    0.0031    0.0031
   -0.0122   -0.0122
    0.0161    0.0161
   -0.0077   -0.0077
    0.0084    0.0084
   -0.0039   -0.0039
   -0.0109   -0.0109
   -0.0029   -0.0029
    0.0139    0.0139
   -0.0062   -0.0062
   -0.0019   -0.0019
    0.0085    0.0085
   -0.0066   -0.0066
   -0.0049   -0.0049
    0.0019    0.0019
   -0.0124   -0.0124
   -0.0089   -0.0089
   -0.0142   -0.0142
    0.0036    0.0036
   -0.0151   -0.0151
    0.0066    0.0066
    0.0021    0.0021
   -0.0047   -0.0047
    0.0185    0.0185
   -0.0059   -0.0059
    0.0048    0.0048
    0.0107    0.0107
   -0.0052   -0.0052
   -0.0123   -0.0123
   -0.0008   -0.0008
   -0.0089   -0.0089
    0.0036    0.0036
   -0.0006   -0.0006
   -0.0088   -0.0088
    0.0065    0.0065
   -0.0137   -0.0137
   -0.0021   -0.0021
   -0.0040   -0.0040
   -0.0004   -0.0004
   -0.0006   -0.0006
   -0.0052   -0.0052
   -0.0072   -0.0072
    0.0025    0.0025
    0.0098    0.0098
   -0.0074   -0.0074
   -0.0058   -0.0058
    0.0065    0.0065
    0.0003    0.0003
   -0.0028   -0.0028
    0.0036    0.0036
    0.0040    0.0040
    0.0004    0.0004
    0.0054    0.0054
    0.0080    0.0080
    0.0047    0.0047
    0.0004    0.0004
   -0.0016   -0.0016
    0.0063    0.0063
    0.0025    0.0025
    0.0011    0.0011
   -0.0087   -0.0087
   -0.0050   -0.0050
   -0.0011   -0.0011
   -0.0005   -0.0005
    0.0015    0.0015
   -0.0069   -0.0069
    0.0089    0.0089
   -0.0043   -0.0043
    0.0048    0.0048
   -0.0020   -0.0020
   -0.0059   -0.0059
   -0.0018   -0.0018
    0.0075    0.0075
   -0.0036   -0.0036
   -0.0012   -0.0012
    0.0045    0.0045
   -0.0039   -0.0039
   -0.0028   -0.0028
    0.0012    0.0012
   -0.0069   -0.0069
   -0.0050   -0.0050
   -0.0078   -0.0078
    0.0020    0.0020
   -0.0086   -0.0086
    0.0034    0.0034
    0.0011    0.0011
   -0.0028   -0.0028
    0.0102    0.0102
   -0.0032   -0.0032
    0.0030    0.0030
    0.0062    0.0062
   -0.0031   -0.0031
   -0.0073   -0.0073
   -0.0007   -0.0007
   -0.0053   -0.0053
    0.0017    0.0017
   -0.0003   -0.0003
   -0.0046   -0.0046
    0.0039    0.0039
   -0.0079   -0.0079
   -0.0016   -0.0016
   -0.0025   -0.0025
   -0.0013   -0.0013
   -0.0017   -0.0017
   -0.0129   -0.0129
   -0.0172   -0.0172
    0.0072    0.0072
    0.0247    0.0247
   -0.0192   -0.0192
   -0.0156   -0.0156
    0.0161    0.0161
    0.0003    0.0003
   -0.0067   -0.0067
    0.0101    0.0101
    0.0106    0.0106
    0.0005    0.0005
    0.0123    0.0123
    0.0192    0.0192
    0.0115    0.0115
    0.0010    0.0010
   -0.0037   -0.0037
    0.0165    0.0165
    0.0065    0.0065
    0.0020    0.0020
   -0.0231   -0.0231
   -0.0133   -0.0133
   -0.0025   -0.0025
   -0.0008   -0.0008
    0.0046    0.0046
   -0.0168   -0.0168
    0.0227    0.0227
   -0.0110   -0.0110
    0.0114    0.0114
   -0.0057   -0.0057
   -0.0146   -0.0146
   -0.0037   -0.0037
    0.0196    0.0196
   -0.0086   -0.0086
   -0.0026   -0.0026
    0.0115    0.0115
   -0.0102   -0.0102
   -0.0078   -0.0078
    0.0029    0.0029
   -0.0172   -0.0172
   -0.0126   -0.0126
   -0.0197   -0.0197
    0.0055    0.0055
   -0.0214   -0.0214
    0.0082    0.0082
    0.0020    0.0020
   -0.0068   -0.0068
    0.0257    0.0257
   -0.0086   -0.0086
    0.0069    0.0069
    0.0155    0.0155
   -0.0072   -0.0072
   -0.0179   -0.0179
   -0.0019   -0.0019
   -0.0127   -0.0127
    0.0048    0.0048
   -0.0012   -0.0012
   -0.0125   -0.0125
    0.0094    0.0094
   -0.0193   -0.0193
   -0.0033   -0.0033
   -0.0059   -0.0059
   -0.0015   -0.0015
   -0.0022   -0.0022
   -0.0130   -0.0130
   -0.0168   -0.0168
    0.0072    0.0072
    0.0240    0.0240
   -0.0184   -0.0184
   -0.0148   -0.0148
    0.0153    0.0153
   -0.0003   -0.0003
   -0.0072   -0.0072
    0.0098    0.0098
    0.0104    0.0104
    0.0007    0.0007
    0.0124    0.0124
    0.0190    0.0190
    0.0108    0.0108
    0.0002    0.0002
   -0.0044   -0.0044
    0.0155    0.0155
    0.0061    0.0061
    0.0021    0.0021
   -0.0218   -0.0218
   -0.0122   -0.0122
   -0.0029   -0.0029
   -0.0015   -0.0015
    0.0038    0.0038
   -0.0168   -0.0168
    0.0217    0.0217
   -0.0105   -0.0105
    0.0119    0.0119
   -0.0046   -0.0046
   -0.0143   -0.0143
   -0.0039   -0.0039
    0.0188    0.0188
   -0.0087   -0.0087
   -0.0026   -0.0026
    0.0114    0.0114
   -0.0091   -0.0091
   -0.0068   -0.0068
    0.0030    0.0030
   -0.0167   -0.0167
   -0.0122   -0.0122
   -0.0191   -0.0191
    0.0052    0.0052
   -0.0206   -0.0206
    0.0084    0.0084
    0.0023    0.0023
   -0.0065   -0.0065
    0.0249    0.0249
   -0.0084   -0.0084
    0.0068    0.0068
    0.0150    0.0150
   -0.0070   -0.0070
   -0.0171   -0.0171
   -0.0014   -0.0014
   -0.0126   -0.0126
    0.0042    0.0042
   -0.0014   -0.0014
   -0.0122   -0.0122
    0.0090    0.0090
   -0.0186   -0.0186
   -0.0028   -0.0028
   -0.0052   -0.0052
   -0.0011   -0.0011
   -0.0015   -0.0015
   -0.0122   -0.0122
   -0.0163   -0.0163
    0.0067    0.0067
    0.0231    0.0231
   -0.0180   -0.0180
   -0.0145   -0.0145
    0.0151    0.0151
    0.0004    0.0004
   -0.0065   -0.0065
    0.0093    0.0093
    0.0100    0.0100
    0.0005    0.0005
    0.0116    0.0116
    0.0178    0.0178
    0.0107    0.0107
    0.0009    0.0009
   -0.0037   -0.0037
    0.0151    0.0151
    0.0060    0.0060
    0.0019    0.0019
   -0.0215   -0.0215
   -0.0125   -0.0125
   -0.0025   -0.0025
   -0.0010   -0.0010
    0.0040    0.0040
   -0.0161   -0.0161
    0.0210    0.0210
   -0.0102   -0.0102
    0.0112    0.0112
   -0.0049   -0.0049
   -0.0138   -0.0138
   -0.0037   -0.0037
    0.0183    0.0183
   -0.0081   -0.0081
   -0.0025   -0.0025
    0.0109    0.0109
   -0.0091   -0.0091
   -0.0067   -0.0067
    0.0026    0.0026
   -0.0163   -0.0163
   -0.0115   -0.0115
   -0.0181   -0.0181
    0.0051    0.0051
   -0.0200   -0.0200
    0.0080    0.0080
    0.0023    0.0023
   -0.0065   -0.0065
    0.0239    0.0239
   -0.0079   -0.0079
    0.0067    0.0067
    0.0145    0.0145
   -0.0069   -0.0069
   -0.0167   -0.0167
   -0.0014   -0.0014
   -0.0122   -0.0122
    0.0041    0.0041
   -0.0012   -0.0012
   -0.0118   -0.0118
    0.0086    0.0086
   -0.0181   -0.0181
   -0.0030   -0.0030
   -0.0052   -0.0052
   -0.0006   -0.0006
   -0.0009   -0.0009
   -0.0075   -0.0075
   -0.0101   -0.0101
    0.0039    0.0039
    0.0141    0.0141
   -0.0110   -0.0110
   -0.0087   -0.0087
    0.0097    0.0097
    0.0004    0.0004
   -0.0040   -0.0040
    0.0056    0.0056
    0.0060    0.0060
    0.0002    0.0002
    0.0072    0.0072
    0.0113    0.0113
    0.0070    0.0070
    0.0006    0.0006
   -0.0024   -0.0024
    0.0092    0.0092
    0.0036    0.0036
    0.0010    0.0010
   -0.0134   -0.0134
   -0.0077   -0.0077
   -0.0015   -0.0015
   -0.0007   -0.0007
    0.0021    0.0021
   -0.0102   -0.0102
    0.0129    0.0129
   -0.0066   -0.0066
    0.0066    0.0066
   -0.0031   -0.0031
   -0.0087   -0.0087
   -0.0025   -0.0025
    0.0109    0.0109
   -0.0054   -0.0054
   -0.0018   -0.0018
    0.0065    0.0065
   -0.0058   -0.0058
   -0.0042   -0.0042
    0.0016    0.0016
   -0.0101   -0.0101
   -0.0072   -0.0072
   -0.0113   -0.0113
    0.0031    0.0031
   -0.0123   -0.0123
    0.0050    0.0050
    0.0014    0.0014
   -0.0040   -0.0040
    0.0148    0.0148
   -0.0046   -0.0046
    0.0045    0.0045
    0.0093    0.0093
   -0.0040   -0.0040
   -0.0101   -0.0101
   -0.0008   -0.0008
   -0.0076   -0.0076
    0.0025    0.0025
   -0.0005   -0.0005
   -0.0068   -0.0068
    0.0058    0.0058
   -0.0109   -0.0109
   -0.0015   -0.0015
   -0.0030   -0.0030
   -0.0008   -0.0008
   -0.0011   -0.0011
   -0.0084   -0.0084
   -0.0108   -0.0108
    0.0051    0.0051
    0.0162    0.0162
   -0.0124   -0.0124
   -0.0101   -0.0101
    0.0104    0.0104
    0.0000    0.0000
   -0.0046   -0.0046
    0.0068    0.0068
    0.0074    0.0074
    0.0008    0.0008
    0.0082    0.0082
    0.0123    0.0123
    0.0073    0.0073
    0.0002    0.0002
   -0.0029   -0.0029
    0.0104    0.0104
    0.0044    0.0044
    0.0017    0.0017
   -0.0146   -0.0146
   -0.0084   -0.0084
   -0.0018   -0.0018
   -0.0010   -0.0010
    0.0024    0.0024
   -0.0114   -0.0114
    0.0145    0.0145
   -0.0068   -0.0068
    0.0078    0.0078
   -0.0034   -0.0034
   -0.0096   -0.0096
   -0.0026   -0.0026
    0.0123    0.0123
   -0.0061   -0.0061
   -0.0019   -0.0019
    0.0075    0.0075
   -0.0064   -0.0064
   -0.0049   -0.0049
    0.0017    0.0017
   -0.0113   -0.0113
   -0.0083   -0.0083
   -0.0129   -0.0129
    0.0033    0.0033
   -0.0138   -0.0138
    0.0054    0.0054
    0.0014    0.0014
   -0.0045   -0.0045
    0.0166    0.0166
   -0.0055   -0.0055
    0.0045    0.0045
    0.0099    0.0099
   -0.0047   -0.0047
   -0.0115   -0.0115
   -0.0011   -0.0011
   -0.0082   -0.0082
    0.0032    0.0032
   -0.0005   -0.0005
   -0.0079   -0.0079
    0.0061    0.0061
   -0.0123   -0.0123
   -0.0020   -0.0020
   -0.0038   -0.0038
   -0.0009   -0.0009
   -0.0013   -0.0013
   -0.0098   -0.0098
   -0.0134   -0.0134
    0.0049    0.0049
    0.0183    0.0183
   -0.0144   -0.0144
   -0.0116   -0.0116
    0.0124    0.0124
    0.0005    0.0005
   -0.0051   -0.0051
    0.0073    0.0073
    0.0075    0.0075
    0.0001    0.0001
    0.0093    0.0093
    0.0145    0.0145
    0.0090    0.0090
    0.0010    0.0010
   -0.0030   -0.0030
    0.0119    0.0119
    0.0043    0.0043
    0.0011    0.0011
   -0.0176   -0.0176
   -0.0101   -0.0101
   -0.0018   -0.0018
   -0.0006   -0.0006
    0.0033    0.0033
   -0.0130   -0.0130
    0.0168    0.0168
   -0.0085   -0.0085
    0.0087    0.0087
   -0.0041   -0.0041
   -0.0113   -0.0113
   -0.0029   -0.0029
    0.0150    0.0150
   -0.0063   -0.0063
   -0.0018   -0.0018
    0.0089    0.0089
   -0.0074   -0.0074
   -0.0055   -0.0055
    0.0020    0.0020
   -0.0129   -0.0129
   -0.0090   -0.0090
   -0.0145   -0.0145
    0.0044    0.0044
   -0.0159   -0.0159
    0.0065    0.0065
    0.0018    0.0018
   -0.0053   -0.0053
    0.0192    0.0192
   -0.0063   -0.0063
    0.0055    0.0055
    0.0119    0.0119
   -0.0053   -0.0053
   -0.0134   -0.0134
   -0.0012   -0.0012
   -0.0099   -0.0099
    0.0031    0.0031
   -0.0009   -0.0009
   -0.0092   -0.0092
    0.0074    0.0074
   -0.0144   -0.0144
   -0.0024   -0.0024
   -0.0041   -0.0041
   -0.0011   -0.0011
   -0.0014   -0.0014
   -0.0121   -0.0121
   -0.0163   -0.0163
    0.0067    0.0067
    0.0231    0.0231
   -0.0182   -0.0182
   -0.0146   -0.0146
    0.0151    0.0151
    0.0002    0.0002
   -0.0068   -0.0068
    0.0093    0.0093
    0.0098    0.0098
    0.0004    0.0004
    0.0118    0.0118
    0.0183    0.0183
    0.0107    0.0107
    0.0005    0.0005
   -0.0040   -0.0040
    0.0150    0.0150
    0.0056    0.0056
    0.0017    0.0017
   -0.0215   -0.0215
   -0.0121   -0.0121
   -0.0026   -0.0026
   -0.0012   -0.0012
    0.0040    0.0040
   -0.0163   -0.0163
    0.0209    0.0209
   -0.0107   -0.0107
    0.0115    0.0115
   -0.0044   -0.0044
   -0.0142   -0.0142
   -0.0039   -0.0039
    0.0186    0.0186
   -0.0082   -0.0082
   -0.0028   -0.0028
    0.0108    0.0108
   -0.0089   -0.0089
   -0.0064   -0.0064
    0.0024    0.0024
   -0.0165   -0.0165
   -0.0115   -0.0115
   -0.0183   -0.0183
    0.0050    0.0050
   -0.0204   -0.0204
    0.0082    0.0082
    0.0025    0.0025
   -0.0065   -0.0065
    0.0243    0.0243
   -0.0077   -0.0077
    0.0070    0.0070
    0.0147    0.0147
   -0.0070   -0.0070
   -0.0169   -0.0169
   -0.0015   -0.0015
   -0.0122   -0.0122
    0.0043    0.0043
   -0.0009   -0.0009
   -0.0115   -0.0115
    0.0091    0.0091
   -0.0180   -0.0180
   -0.0029   -0.0029
   -0.0054   -0.0054
   -0.0006   -0.0006
   -0.0010   -0.0010
   -0.0081   -0.0081
   -0.0106   -0.0106
    0.0046    0.0046
    0.0153    0.0153
   -0.0120   -0.0120
   -0.0097   -0.0097
    0.0104    0.0104
    0.0004    0.0004
   -0.0041   -0.0041
    0.0064    0.0064
    0.0067    0.0067
    0.0002    0.0002
    0.0076    0.0076
    0.0118    0.0118
    0.0074    0.0074
    0.0006    0.0006
   -0.0024   -0.0024
    0.0101    0.0101
    0.0040    0.0040
    0.0011    0.0011
   -0.0145   -0.0145
   -0.0082   -0.0082
   -0.0017   -0.0017
   -0.0009   -0.0009
    0.0024    0.0024
   -0.0108   -0.0108
    0.0140    0.0140
   -0.0069   -0.0069
    0.0072    0.0072
   -0.0032   -0.0032
   -0.0093   -0.0093
   -0.0026   -0.0026
    0.0120    0.0120
   -0.0056   -0.0056
   -0.0018   -0.0018
    0.0070    0.0070
   -0.0062   -0.0062
   -0.0044   -0.0044
    0.0016    0.0016
   -0.0109   -0.0109
   -0.0079   -0.0079
   -0.0122   -0.0122
    0.0033    0.0033
   -0.0135   -0.0135
    0.0052    0.0052
    0.0016    0.0016
   -0.0044   -0.0044
    0.0156    0.0156
   -0.0056   -0.0056
    0.0044    0.0044
    0.0098    0.0098
   -0.0046   -0.0046
   -0.0110   -0.0110
   -0.0006   -0.0006
   -0.0081   -0.0081
    0.0026    0.0026
   -0.0009   -0.0009
   -0.0075   -0.0075
    0.0062    0.0062
   -0.0118   -0.0118
   -0.0016   -0.0016
   -0.0030   -0.0030
   -0.0008   -0.0008
   -0.0009   -0.0009
   -0.0099   -0.0099
   -0.0135   -0.0135
    0.0055    0.0055
    0.0191    0.0191
   -0.0151   -0.0151
   -0.0122   -0.0122
    0.0128    0.0128
    0.0007    0.0007
   -0.0051   -0.0051
    0.0080    0.0080
    0.0083    0.0083
    0.0002    0.0002
    0.0095    0.0095
    0.0150    0.0150
    0.0089    0.0089
    0.0005    0.0005
   -0.0032   -0.0032
    0.0126    0.0126
    0.0047    0.0047
    0.0012    0.0012
   -0.0181   -0.0181
   -0.0103   -0.0103
   -0.0024   -0.0024
   -0.0015   -0.0015
    0.0028    0.0028
   -0.0138   -0.0138
    0.0172    0.0172
   -0.0088   -0.0088
    0.0092    0.0092
   -0.0041   -0.0041
   -0.0120   -0.0120
   -0.0038   -0.0038
    0.0147    0.0147
   -0.0071   -0.0071
   -0.0022   -0.0022
    0.0092    0.0092
   -0.0076   -0.0076
   -0.0059   -0.0059
    0.0020    0.0020
   -0.0138   -0.0138
   -0.0098   -0.0098
   -0.0151   -0.0151
    0.0045    0.0045
   -0.0164   -0.0164
    0.0067    0.0067
    0.0017    0.0017
   -0.0051   -0.0051
    0.0203    0.0203
   -0.0063   -0.0063
    0.0060    0.0060
    0.0125    0.0125
   -0.0053   -0.0053
   -0.0138   -0.0138
   -0.0012   -0.0012
   -0.0098   -0.0098
    0.0037    0.0037
   -0.0006   -0.0006
   -0.0094   -0.0094
    0.0077    0.0077
   -0.0147   -0.0147
   -0.0022   -0.0022
   -0.0042   -0.0042
   -0.0014   -0.0014
   -0.0020   -0.0020
   -0.0138   -0.0138
   -0.0181   -0.0181
    0.0075    0.0075
    0.0257    0.0257
   -0.0193   -0.0193
   -0.0157   -0.0157
    0.0166    0.0166
    0.0001    0.0001
   -0.0076   -0.0076
    0.0099    0.0099
    0.0110    0.0110
    0.0009    0.0009
    0.0130    0.0130
    0.0198    0.0198
    0.0117    0.0117
    0.0008    0.0008
   -0.0044   -0.0044
    0.0162    0.0162
    0.0062    0.0062
    0.0018    0.0018
   -0.0240   -0.0240
   -0.0138   -0.0138
   -0.0032   -0.0032
   -0.0014   -0.0014
    0.0042    0.0042
   -0.0179   -0.0179
    0.0228    0.0228
   -0.0118   -0.0118
    0.0118    0.0118
   -0.0055   -0.0055
   -0.0158   -0.0158
   -0.0045   -0.0045
    0.0200    0.0200
   -0.0090   -0.0090
   -0.0028   -0.0028
    0.0120    0.0120
   -0.0099   -0.0099
   -0.0072   -0.0072
    0.0028    0.0028
   -0.0178   -0.0178
   -0.0126   -0.0126
   -0.0199   -0.0199
    0.0057    0.0057
   -0.0217   -0.0217
    0.0093    0.0093
    0.0029    0.0029
   -0.0067   -0.0067
    0.0266    0.0266
   -0.0084   -0.0084
    0.0076    0.0076
    0.0161    0.0161
   -0.0073   -0.0073
   -0.0180   -0.0180
   -0.0014   -0.0014
   -0.0130   -0.0130
    0.0048    0.0048
   -0.0010   -0.0010
   -0.0126   -0.0126
    0.0097    0.0097
   -0.0196   -0.0196
   -0.0031   -0.0031
   -0.0057   -0.0057
   -0.0012   -0.0012
   -0.0017   -0.0017
   -0.0120   -0.0120
   -0.0158   -0.0158
    0.0067    0.0067
    0.0225    0.0225
   -0.0175   -0.0175
   -0.0139   -0.0139
    0.0145    0.0145
   -0.0002   -0.0002
   -0.0066   -0.0066
    0.0093    0.0093
    0.0099    0.0099
    0.0004    0.0004
    0.0111    0.0111
    0.0175    0.0175
    0.0100    0.0100
    0.0002    0.0002
   -0.0039   -0.0039
    0.0148    0.0148
    0.0057    0.0057
    0.0014    0.0014
   -0.0213   -0.0213
   -0.0121   -0.0121
   -0.0029   -0.0029
   -0.0014   -0.0014
    0.0039    0.0039
   -0.0157   -0.0157
    0.0203    0.0203
   -0.0104   -0.0104
    0.0107    0.0107
   -0.0048   -0.0048
   -0.0136   -0.0136
   -0.0035   -0.0035
    0.0179    0.0179
   -0.0081   -0.0081
   -0.0026   -0.0026
    0.0106    0.0106
   -0.0086   -0.0086
   -0.0063   -0.0063
    0.0031    0.0031
   -0.0153   -0.0153
   -0.0113   -0.0113
   -0.0182   -0.0182
    0.0047    0.0047
   -0.0192   -0.0192
    0.0085    0.0085
    0.0027    0.0027
   -0.0057   -0.0057
    0.0237    0.0237
   -0.0080   -0.0080
    0.0059    0.0059
    0.0137    0.0137
   -0.0064   -0.0064
   -0.0157   -0.0157
   -0.0009   -0.0009
   -0.0116   -0.0116
    0.0043    0.0043
   -0.0013   -0.0013
   -0.0118   -0.0118
    0.0081    0.0081
   -0.0175   -0.0175
   -0.0025   -0.0025
   -0.0048   -0.0048
   -0.0008   -0.0008
   -0.0010   -0.0010
   -0.0106   -0.0106
   -0.0144   -0.0144
    0.0061    0.0061
    0.0210    0.0210
   -0.0163   -0.0163
   -0.0131   -0.0131
    0.0142    0.0142
    0.0008    0.0008
   -0.0054   -0.0054
    0.0089    0.0089
    0.0093    0.0093
    0.0005    0.0005
    0.0104    0.0104
    0.0162    0.0162
    0.0101    0.0101
    0.0010    0.0010
   -0.0033   -0.0033
    0.0137    0.0137
    0.0054    0.0054
    0.0015    0.0015
   -0.0198   -0.0198
   -0.0114   -0.0114
   -0.0020   -0.0020
   -0.0009   -0.0009
    0.0032    0.0032
   -0.0152   -0.0152
    0.0186    0.0186
   -0.0098   -0.0098
    0.0099    0.0099
   -0.0043   -0.0043
   -0.0124   -0.0124
   -0.0033   -0.0033
    0.0161    0.0161
   -0.0084   -0.0084
   -0.0033   -0.0033
    0.0093    0.0093
   -0.0082   -0.0082
   -0.0057   -0.0057
    0.0028    0.0028
   -0.0143   -0.0143
   -0.0105   -0.0105
   -0.0170   -0.0170
    0.0040    0.0040
   -0.0186   -0.0186
    0.0073    0.0073
    0.0024    0.0024
   -0.0054   -0.0054
    0.0223    0.0223
   -0.0069   -0.0069
    0.0060    0.0060
    0.0129    0.0129
   -0.0065   -0.0065
   -0.0153   -0.0153
   -0.0013   -0.0013
   -0.0106   -0.0106
    0.0041    0.0041
   -0.0009   -0.0009
   -0.0107   -0.0107
    0.0077    0.0077
   -0.0167   -0.0167
   -0.0030   -0.0030
   -0.0050   -0.0050
   -0.0007   -0.0007
   -0.0009   -0.0009
   -0.0117   -0.0117
   -0.0162   -0.0162
    0.0062    0.0062
    0.0225    0.0225
   -0.0183   -0.0183
   -0.0147   -0.0147
    0.0154    0.0154
    0.0009    0.0009
   -0.0061   -0.0061
    0.0093    0.0093
    0.0095    0.0095
   -0.0002   -0.0002
    0.0111    0.0111
    0.0176    0.0176
    0.0108    0.0108
    0.0009    0.0009
   -0.0037   -0.0037
    0.0150    0.0150
    0.0056    0.0056
    0.0015    0.0015
   -0.0217   -0.0217
   -0.0124   -0.0124
   -0.0027   -0.0027
   -0.0012   -0.0012
    0.0039    0.0039
   -0.0162   -0.0162
    0.0209    0.0209
   -0.0102   -0.0102
    0.0111    0.0111
   -0.0047   -0.0047
   -0.0143   -0.0143
   -0.0040   -0.0040
    0.0181    0.0181
   -0.0082   -0.0082
   -0.0026   -0.0026
    0.0110    0.0110
   -0.0090   -0.0090
   -0.0067   -0.0067
    0.0022    0.0022
   -0.0164   -0.0164
   -0.0116   -0.0116
   -0.0181   -0.0181
    0.0051    0.0051
   -0.0199   -0.0199
    0.0081    0.0081
    0.0023    0.0023
   -0.0064   -0.0064
    0.0241    0.0241
   -0.0077   -0.0077
    0.0067    0.0067
    0.0145    0.0145
   -0.0065   -0.0065
   -0.0162   -0.0162
   -0.0014   -0.0014
   -0.0118   -0.0118
    0.0045    0.0045
   -0.0009   -0.0009
   -0.0116   -0.0116
    0.0088    0.0088
   -0.0176   -0.0176
   -0.0025   -0.0025
   -0.0052   -0.0052
   -0.0009   -0.0009
   -0.0011   -0.0011
   -0.0084   -0.0084
   -0.0110   -0.0110
    0.0049    0.0049
    0.0161    0.0161
   -0.0121   -0.0121
   -0.0096   -0.0096
    0.0102    0.0102
    0.0000    0.0000
   -0.0045   -0.0045
    0.0065    0.0065
    0.0069    0.0069
    0.0004    0.0004
    0.0081    0.0081
    0.0125    0.0125
    0.0072    0.0072
    0.0002    0.0002
   -0.0030   -0.0030
    0.0100    0.0100
    0.0036    0.0036
    0.0008    0.0008
   -0.0149   -0.0149
   -0.0084   -0.0084
   -0.0018   -0.0018
   -0.0010   -0.0010
    0.0024    0.0024
   -0.0114   -0.0114
    0.0139    0.0139
   -0.0074   -0.0074
    0.0078    0.0078
   -0.0030   -0.0030
   -0.0095   -0.0095
   -0.0024   -0.0024
    0.0126    0.0126
   -0.0058   -0.0058
   -0.0020   -0.0020
    0.0076    0.0076
   -0.0056   -0.0056
   -0.0040   -0.0040
    0.0021    0.0021
   -0.0108   -0.0108
   -0.0078   -0.0078
   -0.0126   -0.0126
    0.0033    0.0033
   -0.0134   -0.0134
    0.0061    0.0061
    0.0020    0.0020
   -0.0041   -0.0041
    0.0166    0.0166
   -0.0057   -0.0057
    0.0042    0.0042
    0.0095    0.0095
   -0.0048   -0.0048
   -0.0111   -0.0111
   -0.0007   -0.0007
   -0.0081   -0.0081
    0.0029    0.0029
   -0.0012   -0.0012
   -0.0084   -0.0084
    0.0055    0.0055
   -0.0126   -0.0126
   -0.0020   -0.0020
   -0.0035   -0.0035
   -0.0007   -0.0007
   -0.0013   -0.0013
   -0.0134   -0.0134
   -0.0182   -0.0182
    0.0073    0.0073
    0.0259    0.0259
   -0.0205   -0.0205
   -0.0163   -0.0163
    0.0179    0.0179
    0.0009    0.0009
   -0.0071   -0.0071
    0.0107    0.0107
    0.0111    0.0111
    0.0004    0.0004
    0.0134    0.0134
    0.0207    0.0207
    0.0130    0.0130
    0.0012    0.0012
   -0.0044   -0.0044
    0.0168    0.0168
    0.0066    0.0066
    0.0022    0.0022
   -0.0243   -0.0243
   -0.0137   -0.0137
   -0.0025   -0.0025
   -0.0011   -0.0011
    0.0041    0.0041
   -0.0189   -0.0189
    0.0235    0.0235
   -0.0117   -0.0117
    0.0126    0.0126
   -0.0054   -0.0054
   -0.0160   -0.0160
   -0.0045   -0.0045
    0.0202    0.0202
   -0.0099   -0.0099
   -0.0033   -0.0033
    0.0123    0.0123
   -0.0103   -0.0103
   -0.0077   -0.0077
    0.0028    0.0028
   -0.0187   -0.0187
   -0.0137   -0.0137
   -0.0212   -0.0212
    0.0055    0.0055
   -0.0225   -0.0225
    0.0092    0.0092
    0.0024    0.0024
   -0.0071   -0.0071
    0.0273    0.0273
   -0.0093   -0.0093
    0.0071    0.0071
    0.0164    0.0164
   -0.0074   -0.0074
   -0.0188   -0.0188
   -0.0018   -0.0018
   -0.0134   -0.0134
    0.0050    0.0050
   -0.0013   -0.0013
   -0.0134   -0.0134
    0.0100    0.0100
   -0.0203   -0.0203
   -0.0034   -0.0034
   -0.0062   -0.0062
   -0.0011   -0.0011
   -0.0017   -0.0017
   -0.0153   -0.0153
   -0.0206   -0.0206
    0.0084    0.0084
    0.0291    0.0291
   -0.0230   -0.0230
   -0.0185   -0.0185
    0.0194    0.0194
    0.0005    0.0005
   -0.0083   -0.0083
    0.0117    0.0117
    0.0124    0.0124
    0.0003    0.0003
    0.0144    0.0144
    0.0226    0.0226
    0.0136    0.0136
    0.0008    0.0008
   -0.0049   -0.0049
    0.0190    0.0190
    0.0072    0.0072
    0.0017    0.0017
   -0.0278   -0.0278
   -0.0158   -0.0158
   -0.0034   -0.0034
   -0.0015   -0.0015
    0.0051    0.0051
   -0.0204   -0.0204
    0.0264    0.0264
   -0.0136   -0.0136
    0.0139    0.0139
   -0.0061   -0.0061
   -0.0180   -0.0180
   -0.0048   -0.0048
    0.0232    0.0232
   -0.0105   -0.0105
   -0.0036   -0.0036
    0.0138    0.0138
   -0.0113   -0.0113
   -0.0082   -0.0082
    0.0033    0.0033
   -0.0204   -0.0204
   -0.0146   -0.0146
   -0.0233   -0.0233
    0.0062    0.0062
   -0.0252   -0.0252
    0.0106    0.0106
    0.0032    0.0032
   -0.0078   -0.0078
    0.0308    0.0308
   -0.0099   -0.0099
    0.0085    0.0085
    0.0184    0.0184
   -0.0084   -0.0084
   -0.0209   -0.0209
   -0.0017   -0.0017
   -0.0150   -0.0150
    0.0056    0.0056
   -0.0013   -0.0013
   -0.0146   -0.0146
    0.0112    0.0112
   -0.0228   -0.0228
   -0.0036   -0.0036
   -0.0065   -0.0065
    1.3732    1.3732
    1.6075    1.6075
    1.9019    1.9019
    1.7773    1.7773
    0.8628    0.8628
    1.2082    1.2082
    1.3579    1.3579
    1.2394    1.2394
    0.6848    0.6848
    1.7622    1.7622
    1.7150    1.7150
    1.6605    1.6605
    1.0061    1.0061
    1.1339    1.1339
    1.3371    1.3371
    1.6855    1.6855
    1.0883    1.0883
    1.3749    1.3749
    1.8244    1.8244
    1.6049    1.6049
    1.5004    1.5004
    1.6606    1.6606
    1.1290    1.1290
    1.8758    1.8758
    2.1091    2.1091
   -0.0018   -0.0018
   -0.0025   -0.0025
   -0.0215   -0.0215
   -0.0288   -0.0288
    0.0118    0.0118
    0.0410    0.0410
   -0.0320   -0.0320
   -0.0257   -0.0257
    0.0272    0.0272
    0.0008    0.0008
   -0.0114   -0.0114
    0.0167    0.0167
    0.0177    0.0177
    0.0008    0.0008
    0.0207    0.0207
    0.0321    0.0321
    0.0192    0.0192
    0.0013    0.0013
   -0.0068   -0.0068
    0.0268    0.0268
    0.0104    0.0104
    0.0031    0.0031
   -0.0384   -0.0384
   -0.0220   -0.0220
   -0.0048   -0.0048
   -0.0023   -0.0023
    0.0068    0.0068
   -0.0288   -0.0288
    0.0372    0.0372
   -0.0187   -0.0187
    0.0195    0.0195
   -0.0088   -0.0088
   -0.0252   -0.0252
   -0.0070   -0.0070
    0.0323    0.0323
   -0.0149   -0.0149
   -0.0050   -0.0050
    0.0191    0.0191
   -0.0162   -0.0162
   -0.0119   -0.0119
    0.0046    0.0046
   -0.0288   -0.0288
   -0.0207   -0.0207
   -0.0327   -0.0327
    0.0087    0.0087
   -0.0355   -0.0355
    0.0146    0.0146
    0.0043    0.0043
   -0.0112   -0.0112
    0.0429    0.0429
   -0.0140   -0.0140
    0.0117    0.0117
    0.0258    0.0258
   -0.0119   -0.0119
   -0.0293   -0.0293
   -0.0024   -0.0024
   -0.0212   -0.0212
    0.0077    0.0077
   -0.0019   -0.0019
   -0.0207   -0.0207
    0.0157    0.0157
   -0.0319   -0.0319
   -0.0051   -0.0051
   -0.0094   -0.0094

   6.5883e-11

Warning: Name is nonexistent or not a directory: minFunc 
> In path (line 109)
  In addpath (line 88)
  In train (line 106) 
 Iteration   FunEvals     Step Length    Function Val        Opt Cond
         1          3     8.22809e-03     4.23329e+01     1.09291e+03
         2          4     1.00000e+00     6.98174e+00     2.58997e+02
         3          5     1.00000e+00     3.51500e+00     1.41772e+02
         4          6     1.00000e+00     1.44071e+00     6.01176e+01
         5          7     1.00000e+00     7.78841e-01     2.63137e+01
         6          8     1.00000e+00     5.65084e-01     9.51687e+00
         7          9     1.00000e+00     5.23918e-01     2.58483e+00
         8         10     1.00000e+00     5.20148e-01     4.01726e-01
         9         11     1.00000e+00     5.20051e-01     6.05130e-02
        10         12     1.00000e+00     5.20043e-01     6.01808e-02
        11         13     1.00000e+00     5.20018e-01     9.71133e-02
        12         14     1.00000e+00     5.20002e-01     7.85974e-02
        13         15     1.00000e+00     5.19970e-01     8.54462e-02
        14         16     1.00000e+00     5.19910e-01     1.50108e-01
        15         17     1.00000e+00     5.19800e-01     2.35569e-01
        16         18     1.00000e+00     5.19274e-01     5.23280e-01
        17         19     1.00000e+00     5.18478e-01     7.39318e-01
        18         20     1.00000e+00     5.17721e-01     8.13338e-01
        19         21     1.00000e+00     5.17083e-01     5.46500e-01
        20         22     1.00000e+00     5.16835e-01     1.39239e-01
        21         23     1.00000e+00     5.16816e-01     2.70328e-02
        22         24     1.00000e+00     5.16815e-01     2.47554e-02
        23         25     1.00000e+00     5.16812e-01     3.35884e-02
        24         26     1.00000e+00     5.16804e-01     5.76992e-02
        25         27     1.00000e+00     5.16784e-01     9.44081e-02
        26         28     1.00000e+00     5.16733e-01     1.50380e-01
        27         29     1.00000e+00     5.16620e-01     2.12085e-01
        28         30     1.00000e+00     5.16468e-01     4.07863e-01
        29         31     1.00000e+00     5.16201e-01     2.82210e-01
        30         32     1.00000e+00     5.15933e-01     1.72150e-01
        31         33     1.00000e+00     5.15819e-01     8.09424e-02
        32         35     4.41099e-01     5.15811e-01     5.73336e-02
        33         36     1.00000e+00     5.15806e-01     3.90656e-02
        34         37     1.00000e+00     5.15803e-01     3.34465e-02
        35         38     1.00000e+00     5.15800e-01     2.85175e-02
        36         39     1.00000e+00     5.15797e-01     3.28313e-02
        37         40     1.00000e+00     5.15789e-01     5.62878e-02
        38         41     1.00000e+00     5.15774e-01     9.41245e-02
        39         42     1.00000e+00     5.15724e-01     1.79153e-01
        40         43     1.00000e+00     5.15557e-01     3.71608e-01
        41         44     1.00000e+00     5.14930e-01     8.99478e-01
        42         47     1.33324e-01     5.14472e-01     1.81211e+00
        43         48     1.00000e+00     5.13521e-01     1.63850e+00
        44         50     4.78881e-01     5.09497e-01     2.41494e+00
        45         51     1.00000e+00     5.02588e-01     2.09594e+00
        46         52     1.00000e+00     4.99535e-01     9.66697e-01
        47         54     4.40352e-01     4.98756e-01     6.59518e-01
        48         55     1.00000e+00     4.98445e-01     4.38881e-01
        49         56     1.00000e+00     4.98287e-01     1.64853e-01
        50         57     1.00000e+00     4.98261e-01     1.23883e-01
        51         58     1.00000e+00     4.98199e-01     1.65201e-01
        52         59     1.00000e+00     4.98147e-01     2.21358e-01
        53         60     1.00000e+00     4.97991e-01     3.48209e-01
        54         61     1.00000e+00     4.97702e-01     5.15007e-01
        55         62     1.00000e+00     4.97011e-01     7.82449e-01
        56         63     1.00000e+00     4.95516e-01     1.10400e+00
        57         64     1.00000e+00     4.92445e-01     1.55295e+00
        58         65     1.00000e+00     4.88837e-01     1.95047e+00
        59         66     1.00000e+00     4.85138e-01     1.17489e+00
        60         67     1.00000e+00     4.83570e-01     3.70299e-01
        61         68     1.00000e+00     4.83386e-01     2.27743e-01
        62         69     1.00000e+00     4.83308e-01     1.28652e-01
        63         70     1.00000e+00     4.83274e-01     1.28178e-01
        64         71     1.00000e+00     4.83183e-01     1.55430e-01
        65         72     1.00000e+00     4.83031e-01     3.18334e-01
        66         73     1.00000e+00     4.82762e-01     2.61532e-01
        67         74     1.00000e+00     4.81912e-01     3.41805e-01
        68         75     1.00000e+00     4.80506e-01     7.72272e-01
        69         76     1.00000e+00     4.78479e-01     9.30136e-01
        70         77     1.00000e+00     4.74999e-01     1.06283e+00
        71         79     2.89298e-01     4.73915e-01     9.18050e-01
        72         80     1.00000e+00     4.72884e-01     2.84343e-01
        73         81     1.00000e+00     4.72783e-01     1.61711e-01
        74         82     1.00000e+00     4.72749e-01     9.69476e-02
        75         83     1.00000e+00     4.72723e-01     1.04822e-01
        76         84     1.00000e+00     4.72673e-01     1.52518e-01
        77         85     1.00000e+00     4.72551e-01     2.47587e-01
        78         86     1.00000e+00     4.72310e-01     3.79778e-01
        79         87     1.00000e+00     4.71811e-01     4.55301e-01
        80         88     1.00000e+00     4.70681e-01     6.52649e-01
        81         89     1.00000e+00     4.68936e-01     6.65863e-01
        82         90     1.00000e+00     4.66703e-01     3.33920e-01
        83         91     1.00000e+00     4.65661e-01     6.32108e-01
        84         92     1.00000e+00     4.65316e-01     3.82402e-01
        85         93     1.00000e+00     4.65133e-01     1.25073e-01
        86         94     1.00000e+00     4.65114e-01     8.25613e-02
        87         95     1.00000e+00     4.65089e-01     8.61752e-02
        88         96     1.00000e+00     4.65068e-01     1.10148e-01
        89         97     1.00000e+00     4.64987e-01     1.86218e-01
        90         98     1.00000e+00     4.64813e-01     3.29095e-01
        91         99     1.00000e+00     4.64385e-01     4.77642e-01
        92        100     1.00000e+00     4.63562e-01     7.55214e-01
        93        101     1.00000e+00     4.62366e-01     7.03241e-01
        94        102     1.00000e+00     4.61376e-01     5.81955e-01
        95        103     1.00000e+00     4.60915e-01     3.57637e-01
        96        104     1.00000e+00     4.60726e-01     9.72264e-02
        97        105     1.00000e+00     4.60710e-01     6.11181e-02
        98        106     1.00000e+00     4.60702e-01     6.05806e-02
        99        107     1.00000e+00     4.60684e-01     8.76660e-02
       100        108     1.00000e+00     4.60646e-01     1.42436e-01
       101        109     1.00000e+00     4.60555e-01     2.24986e-01
       102        110     1.00000e+00     4.60352e-01     3.28891e-01
       103        111     1.00000e+00     4.59924e-01     4.58316e-01
       104        112     1.00000e+00     4.59267e-01     5.77742e-01
       105        113     1.00000e+00     4.58422e-01     4.07702e-01
       106        114     1.00000e+00     4.57830e-01     3.20083e-01
       107        115     1.00000e+00     4.57696e-01     1.30841e-01
       108        116     1.00000e+00     4.57665e-01     7.46377e-02
       109        117     1.00000e+00     4.57656e-01     5.80060e-02
       110        118     1.00000e+00     4.57645e-01     6.10370e-02
       111        119     1.00000e+00     4.57625e-01     1.04855e-01
       112        120     1.00000e+00     4.57590e-01     1.51023e-01
       113        121     1.00000e+00     4.57492e-01     2.41810e-01
       114        122     1.00000e+00     4.57250e-01     3.55044e-01
       115        123     1.00000e+00     4.56779e-01     5.00630e-01
       116        124     1.00000e+00     4.56286e-01     7.20971e-01
       117        125     1.00000e+00     4.55635e-01     3.26979e-01
       118        126     1.00000e+00     4.55341e-01     1.32982e-01
       119        127     1.00000e+00     4.55305e-01     6.75227e-02
       120        128     1.00000e+00     4.55298e-01     4.90349e-02
       121        129     1.00000e+00     4.55289e-01     4.85248e-02
       122        130     1.00000e+00     4.55271e-01     6.84493e-02
       123        131     1.00000e+00     4.55242e-01     9.98595e-02
       124        132     1.00000e+00     4.55168e-01     1.45397e-01
       125        133     1.00000e+00     4.54979e-01     2.22292e-01
       126        134     1.00000e+00     4.54617e-01     3.30809e-01
       127        135     1.00000e+00     4.54173e-01     3.97853e-01
       128        136     1.00000e+00     4.53733e-01     2.11213e-01
       129        137     1.00000e+00     4.53582e-01     1.22974e-01
       130        138     1.00000e+00     4.53560e-01     8.03982e-02
       131        139     1.00000e+00     4.53551e-01     3.63957e-02
       132        140     1.00000e+00     4.53548e-01     3.25948e-02
       133        141     1.00000e+00     4.53534e-01     6.11492e-02
       134        142     1.00000e+00     4.53505e-01     1.15752e-01
       135        143     1.00000e+00     4.53442e-01     1.82654e-01
       136        144     1.00000e+00     4.53300e-01     2.84731e-01
       137        145     1.00000e+00     4.53049e-01     3.97228e-01
       138        146     1.00000e+00     4.52722e-01     3.53126e-01
       139        147     1.00000e+00     4.52424e-01     1.90726e-01
       140        148     1.00000e+00     4.52329e-01     1.16620e-01
       141        149     1.00000e+00     4.52313e-01     4.58112e-02
       142        150     1.00000e+00     4.52311e-01     3.14849e-02
       143        151     1.00000e+00     4.52307e-01     3.27515e-02
       144        152     1.00000e+00     4.52300e-01     5.48160e-02
       145        153     1.00000e+00     4.52286e-01     8.53918e-02
       146        154     1.00000e+00     4.52254e-01     1.28655e-01
       147        155     1.00000e+00     4.52174e-01     1.88446e-01
       148        156     1.00000e+00     4.52000e-01     2.65244e-01
       149        157     1.00000e+00     4.51724e-01     3.05571e-01
       150        159     2.58337e-01     4.51630e-01     3.21265e-01
       151        160     1.00000e+00     4.51430e-01     1.75697e-01
       152        161     1.00000e+00     4.51354e-01     4.11001e-02
       153        162     1.00000e+00     4.51350e-01     2.96692e-02
       154        163     1.00000e+00     4.51347e-01     2.75870e-02
       155        164     1.00000e+00     4.51340e-01     3.98548e-02
       156        165     1.00000e+00     4.51319e-01     7.95921e-02
       157        166     1.00000e+00     4.51274e-01     1.22544e-01
       158        167     1.00000e+00     4.51185e-01     2.52619e-01
       159        168     1.00000e+00     4.51032e-01     2.54420e-01
       160        169     1.00000e+00     4.50825e-01     3.40403e-01
       161        170     1.00000e+00     4.50678e-01     2.07461e-01
       162        171     1.00000e+00     4.50617e-01     6.06879e-02
       163        172     1.00000e+00     4.50607e-01     4.42100e-02
       164        173     1.00000e+00     4.50603e-01     3.14553e-02
       165        174     1.00000e+00     4.50601e-01     2.60247e-02
       166        175     1.00000e+00     4.50597e-01     3.83370e-02
       167        176     1.00000e+00     4.50590e-01     5.86114e-02
       168        177     1.00000e+00     4.50571e-01     9.78827e-02
       169        178     1.00000e+00     4.50529e-01     1.48443e-01
       170        179     1.00000e+00     4.50443e-01     2.18983e-01
       171        180     1.00000e+00     4.50289e-01     2.26633e-01
       172        181     1.00000e+00     4.50124e-01     2.73380e-01
       173        182     1.00000e+00     4.50013e-01     1.51851e-01
       174        183     1.00000e+00     4.49967e-01     6.03706e-02
       175        184     1.00000e+00     4.49961e-01     2.47082e-02
       176        185     1.00000e+00     4.49960e-01     2.18683e-02
       177        186     1.00000e+00     4.49957e-01     2.81377e-02
       178        187     1.00000e+00     4.49949e-01     4.72141e-02
       179        188     1.00000e+00     4.49933e-01     7.28646e-02
       180        189     1.00000e+00     4.49903e-01     8.62741e-02
       181        190     1.00000e+00     4.49821e-01     1.51764e-01
       182        191     1.00000e+00     4.49713e-01     1.62431e-01
       183        192     1.00000e+00     4.49591e-01     1.14368e-01
       184        193     1.00000e+00     4.49500e-01     9.70885e-02
       185        194     1.00000e+00     4.49479e-01     9.49195e-02
       186        195     1.00000e+00     4.49459e-01     4.59337e-02
       187        196     1.00000e+00     4.49455e-01     2.82886e-02
       188        197     1.00000e+00     4.49451e-01     2.30671e-02
       189        198     1.00000e+00     4.49449e-01     2.99575e-02
       190        199     1.00000e+00     4.49446e-01     2.54098e-02
       191        200     1.00000e+00     4.49439e-01     3.53485e-02
       192        201     1.00000e+00     4.49420e-01     6.85884e-02
       193        202     1.00000e+00     4.49380e-01     1.06401e-01
       194        203     1.00000e+00     4.49302e-01     1.61357e-01
       195        204     1.00000e+00     4.49191e-01     1.87247e-01
       196        205     1.00000e+00     4.49128e-01     1.94362e-01
       197        206     1.00000e+00     4.49065e-01     4.41468e-02
       198        207     1.00000e+00     4.49058e-01     2.05367e-02
       199        208     1.00000e+00     4.49057e-01     1.88844e-02
       200        209     1.00000e+00     4.49053e-01     2.48021e-02
       201        210     1.00000e+00     4.49050e-01     3.45936e-02
       202        211     1.00000e+00     4.49043e-01     3.65506e-02
       203        212     1.00000e+00     4.49035e-01     1.02414e-01
       204        213     1.00000e+00     4.49014e-01     5.20881e-02
       205        214     1.00000e+00     4.48970e-01     8.08873e-02
       206        215     1.00000e+00     4.48903e-01     1.38495e-01
       207        216     1.00000e+00     4.48820e-01     1.53130e-01
       208        218     4.53191e-01     4.48794e-01     1.35781e-01
       209        219     1.00000e+00     4.48765e-01     4.58388e-02
       210        220     1.00000e+00     4.48761e-01     2.44945e-02
       211        221     1.00000e+00     4.48760e-01     1.72611e-02
       212        222     1.00000e+00     4.48759e-01     1.83700e-02
       213        223     1.00000e+00     4.48756e-01     3.27416e-02
       214        224     1.00000e+00     4.48752e-01     4.61731e-02
       215        225     1.00000e+00     4.48742e-01     7.25762e-02
       216        226     1.00000e+00     4.48724e-01     9.15129e-02
       217        227     1.00000e+00     4.48684e-01     1.11174e-01
       218        228     1.00000e+00     4.48605e-01     1.39317e-01
       219        229     1.00000e+00     4.48581e-01     1.99419e-01
       220        230     1.00000e+00     4.48505e-01     5.16857e-02
       221        231     1.00000e+00     4.48493e-01     3.26943e-02
       222        232     1.00000e+00     4.48489e-01     2.74874e-02
       223        233     1.00000e+00     4.48487e-01     1.95468e-02
       224        234     1.00000e+00     4.48486e-01     1.71458e-02
       225        235     1.00000e+00     4.48483e-01     2.54964e-02
       226        236     1.00000e+00     4.48480e-01     3.67557e-02
       227        237     1.00000e+00     4.48471e-01     5.43971e-02
       228        238     1.00000e+00     4.48448e-01     8.77674e-02
       229        239     1.00000e+00     4.48401e-01     1.17973e-01
       230        240     1.00000e+00     4.48334e-01     1.09880e-01
       231        241     1.00000e+00     4.48273e-01     1.02377e-01
       232        242     1.00000e+00     4.48247e-01     4.45718e-02
       233        243     1.00000e+00     4.48242e-01     4.45528e-02
       234        244     1.00000e+00     4.48238e-01     2.40540e-02
       235        245     1.00000e+00     4.48234e-01     2.09403e-02
       236        246     1.00000e+00     4.48232e-01     2.59565e-02
       237        247     1.00000e+00     4.48230e-01     2.80909e-02
       238        248     1.00000e+00     4.48228e-01     2.46895e-02
       239        249     1.00000e+00     4.48220e-01     3.48845e-02
       240        250     1.00000e+00     4.48209e-01     5.46771e-02
       241        251     1.00000e+00     4.48195e-01     6.11271e-02
       242        252     1.00000e+00     4.48177e-01     5.28180e-02
       243        253     1.00000e+00     4.48156e-01     5.37686e-02
       244        254     1.00000e+00     4.48129e-01     8.16817e-02
       245        255     1.00000e+00     4.48090e-01     8.13293e-02
       246        256     1.00000e+00     4.48041e-01     7.45950e-02
       247        258     4.54172e-01     4.48027e-01     5.97677e-02
       248        259     1.00000e+00     4.48013e-01     2.61845e-02
       249        260     1.00000e+00     4.48011e-01     1.50957e-02
       250        261     1.00000e+00     4.48009e-01     1.45938e-02
       251        262     1.00000e+00     4.48007e-01     1.97074e-02
       252        263     1.00000e+00     4.48002e-01     3.21848e-02
       253        264     1.00000e+00     4.47993e-01     5.56288e-02
       254        265     1.00000e+00     4.47975e-01     6.26414e-02
       255        266     1.00000e+00     4.47937e-01     6.67049e-02
       256        267     1.00000e+00     4.47913e-01     1.99011e-01
       257        268     1.00000e+00     4.47844e-01     5.94044e-02
       258        269     1.00000e+00     4.47829e-01     2.48620e-02
       259        270     1.00000e+00     4.47824e-01     1.82871e-02
       260        271     1.00000e+00     4.47822e-01     2.37165e-02
       261        272     1.00000e+00     4.47820e-01     1.78379e-02
       262        273     1.00000e+00     4.47817e-01     1.90740e-02
       263        274     1.00000e+00     4.47814e-01     2.63641e-02
       264        275     1.00000e+00     4.47809e-01     3.92811e-02
       265        276     1.00000e+00     4.47795e-01     5.61246e-02
       266        277     1.00000e+00     4.47772e-01     9.19095e-02
       267        278     1.00000e+00     4.47741e-01     9.12262e-02
       268        279     1.00000e+00     4.47708e-01     7.32278e-02
       269        280     1.00000e+00     4.47681e-01     4.26946e-02
       270        281     1.00000e+00     4.47671e-01     4.06311e-02
       271        282     1.00000e+00     4.47666e-01     2.42962e-02
       272        283     1.00000e+00     4.47663e-01     1.67359e-02
       273        284     1.00000e+00     4.47663e-01     1.95383e-02
       274        285     1.00000e+00     4.47662e-01     1.43664e-02
       275        286     1.00000e+00     4.47661e-01     1.81712e-02
       276        287     1.00000e+00     4.47659e-01     2.88034e-02
       277        288     1.00000e+00     4.47654e-01     4.41147e-02
       278        289     1.00000e+00     4.47644e-01     6.07963e-02
       279        290     1.00000e+00     4.47625e-01     8.76610e-02
       280        291     1.00000e+00     4.47607e-01     1.23167e-01
       281        292     1.00000e+00     4.47575e-01     6.64336e-02
       282        293     1.00000e+00     4.47551e-01     4.21004e-02
       283        294     1.00000e+00     4.47542e-01     3.98370e-02
       284        295     1.00000e+00     4.47539e-01     4.34998e-02
       285        296     1.00000e+00     4.47536e-01     2.61595e-02
       286        297     1.00000e+00     4.47535e-01     1.60960e-02
       287        298     1.00000e+00     4.47534e-01     1.69139e-02
       288        299     1.00000e+00     4.47533e-01     1.68704e-02
       289        300     1.00000e+00     4.47532e-01     2.07237e-02
       290        301     1.00000e+00     4.47530e-01     3.18730e-02
       291        302     1.00000e+00     4.47527e-01     4.57247e-02
       292        303     1.00000e+00     4.47520e-01     5.83234e-02
       293        304     1.00000e+00     4.47502e-01     8.22327e-02
       294        305     1.00000e+00     4.47474e-01     1.01947e-01
       295        306     1.00000e+00     4.47448e-01     9.33540e-02
       296        307     1.00000e+00     4.47423e-01     5.44810e-02
       297        308     1.00000e+00     4.47412e-01     2.68951e-02
       298        309     1.00000e+00     4.47410e-01     2.24697e-02
       299        310     1.00000e+00     4.47407e-01     1.98076e-02
       300        311     1.00000e+00     4.47405e-01     3.34491e-02
       301        312     1.00000e+00     4.47404e-01     1.87617e-02
       302        313     1.00000e+00     4.47404e-01     1.27327e-02
       303        314     1.00000e+00     4.47403e-01     1.24376e-02
       304        315     1.00000e+00     4.47401e-01     2.05992e-02
       305        316     1.00000e+00     4.47398e-01     2.97017e-02
       306        317     1.00000e+00     4.47393e-01     4.30950e-02
       307        318     1.00000e+00     4.47387e-01     3.56564e-02
       308        319     1.00000e+00     4.47377e-01     3.52790e-02
       309        320     1.00000e+00     4.47365e-01     4.64634e-02
       310        321     1.00000e+00     4.47354e-01     6.44503e-02
       311        322     1.00000e+00     4.47339e-01     5.23158e-02
       312        323     1.00000e+00     4.47322e-01     5.37089e-02
       313        324     1.00000e+00     4.47307e-01     4.77261e-02
       314        325     1.00000e+00     4.47291e-01     4.67619e-02
       315        327     5.01651e-01     4.47283e-01     6.74259e-02
       316        328     1.00000e+00     4.47274e-01     2.19290e-02
       317        329     1.00000e+00     4.47272e-01     1.79336e-02
       318        330     1.00000e+00     4.47270e-01     1.64029e-02
       319        331     1.00000e+00     4.47269e-01     1.47559e-02
       320        332     1.00000e+00     4.47268e-01     2.24262e-02
       321        333     1.00000e+00     4.47267e-01     1.44815e-02
       322        334     1.00000e+00     4.47266e-01     1.69430e-02
       323        335     1.00000e+00     4.47262e-01     2.84829e-02
       324        336     1.00000e+00     4.47257e-01     3.65274e-02
       325        337     1.00000e+00     4.47248e-01     7.20576e-02
       326        338     1.00000e+00     4.47234e-01     5.14831e-02
       327        339     1.00000e+00     4.47213e-01     4.50769e-02
       328        340     1.00000e+00     4.47190e-01     6.70152e-02
       329        341     1.00000e+00     4.47180e-01     6.49643e-02
       330        342     1.00000e+00     4.47173e-01     3.27522e-02
       331        343     1.00000e+00     4.47169e-01     2.34792e-02
       332        344     1.00000e+00     4.47165e-01     2.59365e-02
       333        345     1.00000e+00     4.47162e-01     2.92840e-02
       334        346     1.00000e+00     4.47161e-01     3.40975e-02
       335        347     1.00000e+00     4.47159e-01     1.28831e-02
       336        348     1.00000e+00     4.47158e-01     1.28507e-02
       337        349     1.00000e+00     4.47157e-01     1.60247e-02
       338        350     1.00000e+00     4.47156e-01     2.02673e-02
       339        351     1.00000e+00     4.47154e-01     1.87940e-02
       340        352     1.00000e+00     4.47152e-01     1.84903e-02
       341        353     1.00000e+00     4.47145e-01     3.78666e-02
       342        354     1.00000e+00     4.47138e-01     5.79787e-02
       343        355     1.00000e+00     4.47123e-01     7.87276e-02
       344        356     1.00000e+00     4.47102e-01     1.02847e-01
       345        357     1.00000e+00     4.47078e-01     7.29410e-02
       346        358     1.00000e+00     4.47062e-01     5.07128e-02
       347        359     1.00000e+00     4.47057e-01     2.53460e-02
       348        360     1.00000e+00     4.47055e-01     1.85130e-02
       349        361     1.00000e+00     4.47053e-01     1.38092e-02
       350        362     1.00000e+00     4.47052e-01     1.32833e-02
       351        363     1.00000e+00     4.47052e-01     9.71514e-03
       352        364     1.00000e+00     4.47051e-01     1.30850e-02
       353        365     1.00000e+00     4.47050e-01     2.35208e-02
       354        366     1.00000e+00     4.47047e-01     3.65442e-02
       355        367     1.00000e+00     4.47041e-01     5.11375e-02
       356        368     1.00000e+00     4.47032e-01     6.40649e-02
       357        369     1.00000e+00     4.47022e-01     4.75983e-02
       358        370     1.00000e+00     4.47011e-01     4.01052e-02
       359        371     1.00000e+00     4.47004e-01     3.08755e-02
       360        372     1.00000e+00     4.46998e-01     2.91475e-02
       361        373     1.00000e+00     4.46988e-01     4.32175e-02
       362        374     1.00000e+00     4.46984e-01     5.77548e-02
       363        375     1.00000e+00     4.46979e-01     2.92074e-02
       364        376     1.00000e+00     4.46975e-01     2.21487e-02
       365        377     1.00000e+00     4.46972e-01     2.57928e-02
       366        378     1.00000e+00     4.46969e-01     3.99036e-02
       367        379     1.00000e+00     4.46966e-01     2.52474e-02
       368        380     1.00000e+00     4.46964e-01     1.65645e-02
       369        381     1.00000e+00     4.46962e-01     1.60602e-02
       370        382     1.00000e+00     4.46961e-01     1.97257e-02
       371        383     1.00000e+00     4.46958e-01     2.16008e-02
       372        385     4.01763e-01     4.46957e-01     1.99512e-02
       373        386     1.00000e+00     4.46956e-01     1.34938e-02
       374        387     1.00000e+00     4.46955e-01     1.50123e-02
       375        388     1.00000e+00     4.46954e-01     2.21362e-02
       376        389     1.00000e+00     4.46951e-01     2.80719e-02
       377        390     1.00000e+00     4.46947e-01     3.59561e-02
       378        391     1.00000e+00     4.46943e-01     2.41454e-02
       379        392     1.00000e+00     4.46936e-01     3.33809e-02
       380        393     1.00000e+00     4.46932e-01     3.75479e-02
       381        394     1.00000e+00     4.46922e-01     7.39817e-02
       382        395     1.00000e+00     4.46907e-01     4.18477e-02
       383        396     1.00000e+00     4.46894e-01     3.10725e-02
       384        397     1.00000e+00     4.46881e-01     4.05664e-02
       385        398     1.00000e+00     4.46878e-01     5.84519e-02
       386        399     1.00000e+00     4.46875e-01     2.70912e-02
       387        400     1.00000e+00     4.46872e-01     1.88966e-02
       388        401     1.00000e+00     4.46871e-01     1.69895e-02
       389        402     1.00000e+00     4.46869e-01     1.58594e-02
       390        403     1.00000e+00     4.46869e-01     2.61036e-02
       391        404     1.00000e+00     4.46868e-01     1.13656e-02
       392        405     1.00000e+00     4.46868e-01     9.42700e-03
       393        406     1.00000e+00     4.46867e-01     1.47577e-02
       394        407     1.00000e+00     4.46865e-01     2.05607e-02
       395        408     1.00000e+00     4.46862e-01     2.70754e-02
       396        409     1.00000e+00     4.46857e-01     3.63043e-02
       397        411     4.28907e-01     4.46853e-01     4.45455e-02
       398        412     1.00000e+00     4.46845e-01     3.21125e-02
       399        413     1.00000e+00     4.46836e-01     2.80231e-02
       400        414     1.00000e+00     4.46828e-01     5.22087e-02
Exceeded Maximum Number of Iterations